- 96 - .
9. 169,19 perueniendo 263,16,111181108 238, 4. 239,14. 16 phelli. i

peruenione 241, 19 239, 15
perunxit 31,18 ⁸ Phidiae 63,13
‚opernolitentit't 232,3 Philadelpho 168,3
pernolitat 111,10.111,6 Philippus 232, 24.Ι 273, 16
peruolo ρε11101111223,16. 227,Ῑὸ Philo 169, 6. 160, 3. 161, 13
peruolontio 219, 20 Philolaus 1116 .
*pes 09, 19. 09, 29. 01, 18. 18, 19. 19.,zpl1ilologioe 111,1.111,10 philolo-
11111 pedis 8111. ’111, 12. 81110111
209,*19.*20 tis. *21 bt'e. *tielaphilologus philologi 218,8 philo·
potem 0019. 09,12.99,29. 109, logis 191,1o - ottsem. 111, 11
22. 291, 19 11111111111111111111111 9, 19. 11. 11 - 20.
99,1.19,19. 111, 11. 111, 29. 102, 191,19
10. 111, 21. 110, 1. 229, 8. 111, 11.-1111111111 11,1.1;11,;1 philoso-
273,22.276,2.278,7 1181111103, phutn 18110 philosophi 127,11.
10. 219, 22. 1111. 111, 0. 1111 192,12. 190, 11. 1811 philoso-
pedum 09, 3. 67,19. 80, 10. 37, 4. phos 3, 14 philosophiae, 1. 1868
106, *17. 21. 107, ⁸7. *8. 117,11. philotechnis (philotechinis) Ι1132, 27
120, 20. 128, 6, 141, 21. 146, 27. (phiteus pro Pytheos 169,12)
14111. 111,11. 10110. 101, 29. Phocaeam *99, 9 - Phocaeus 09,¹
219, 29. 29. 111, 1. 2. 11. 111, 9. 21. 1111
11111. 111,*1. 1011111. 209, (pholumorum - pholuru 111, 11)
19. 111, 11. 11. 101, 11. 111, 11. (pholydos pro Polyidos 11111)
111,11..111,10.11.11111118. Phrygiae 181,11- Phryges 907
11. 10. 29. 111, 1. 291,0 66. 1116111111 (thiotolt) *90,21
18 pedes *1,11. 11111111161111111 (tiphioio) 11, 11
11. 11, 11. 99, 10. 11. 11, 19. 29. 11116111 (pthoogi) 111,11.111,1
Ι 410616 bis. 16.18.19.107,14. (phyleos pro Pytheos 169, 4)
114,10.117,24.26.126,21. 120,18.xphysioo 231, 19 physici 166, 14.
111299.141,11.12.11.146,29. 1342 physicorum 37, 11 phy-
11111. 11. 18.10.111,11.118,1. siois 199,21 - 199,s
21. 181, 20. (181,1>.101,1. 101, 1111611161 (physiologia) 9, 20
111111. 1111111, 10. 11 11. Piceno 11, 11
16. 228, 10. 230, 6. 243, 23. 261,7 pioo picentur 170, 20 picotum est
ter. (1611. 21912). 26111. 279, 26612
10. 11. 17. 278, 4. 279, 19. 20 pte-*pictor 8,11 pictores 63, 22. 66, 21.
0111111111111.111110. 160,14 pictorum 146,4 pieto-
80,11.18.81,1.(11,1).1111111. lituo 11, 10. 111, 11
11, 11. 110, 1. 11111.11.111,11.-“1111111111,1 picturatis, 11. 111,
214,18.279,14(110611111111011116- 19 picturarum 172,3 picturas
11111111.) 1899 111011111160,16.168,26.
pestilentem 111. 19,9 pestilenti 181,11.111,1.111,(11),11
14,1 pestilentes 7,1 - 20, 8. pigebit 60,9
19, 17 pestilentibus 16, 29 -1111311116 236,7
pestilentissimae ll,l “ 1. pila 129,19 illem 229, 24. 267, l
peto 11,1 petiit 10,18.11,11. 10 10 1111111111 1111111811
(1111111111) petendo 199, 11-1. pilo 1³⁰‚5 pilae 110, 9. 101, 11.
1621111261 222214 09:92¹.- 1111111113· 111·
t 1 1 “ 1
*phalangae 299,14 [11111111 rum pilatim 162,17
264, 23. 26 phalangislpol.) 2668111111011181111436. 146, 3. 26 pina·
·1111111.11111·111264,22 cotheois 14,7 pinacothecas
Phalereus 161, 13 149, 26
Ρ11111111 03,21 πίναξ (11111111)262,3
-aptoretram (por.) *110,20 pinguntur 1721111732 picta 12,
Phasis 110,11 , 1 - 190, 11 1111111110, 10. 110

 

