-103-

1( progressis 130, 10. 264,17 progres- 182,4. 1023019 0101001204
1001121010 progressns199,19 140, 8 proximas939,1- pro·
0101010 [0011001001 803 proiciun- ruma 2003 0101101111111223,17
10123011 proiciantur 100, 14 -— aproximo⁸119,3
proiciendae sunt 21, 0 proiecto propellunt 962 27 propulsis 961 24
*003 proiecti 39, ’16 ρ1οἰθο10111100111001110200,21 propinquita-

87, 21. 270, 10 11 10111408
Ὗ101001111003,10.70,.4 7010. 81, propinquus propinquis 31,10
*12142097121727912111οψ1001110011111127,19 ’
1001011001, 93. 89, 28. 97, 19 pro· propono proposui 146,13.161,16
100101101770.711’,3.79,’10.802 proposuit 37, 22 proposuimus
proiectnre. 81, 6.92, 20 ’111010010- 18, 17 proposuerunt184,3 pro·
10070,17.1’99,11 proiecturas 1101110011229, 16 propositnmest
03,6. 7’2,4. 08, 2’0. 804. 172, 11. 244, 18 proposita 3,6 proposi·
27010 proiecturis 8017. 82μο 100104 propositi 19,6 propo·
901 sitem 208, 23 proposita 2007
prolectando 103,19 110000ήί0603 proportionis 2, 23.
prolixe 6018 11,10.140’,2 proportionem 80,
[11010010111006 20. 271, 21 proportione 00,3. 6.
&prominentiem16316 70, 4. 2007 proportiones 83,11.
prominere 90,9 prominens 203, 20 10’1, 93. 106, 13. 122, 20. 266, 6.’ 60,
prominentes 88,14.16-139,’1.1 21. 90, 16. 31 ,.13 101, 19 proper
89,3.169,13.174,1 prominentia tronrbus 33 3 62, 1310106011,
108, 28 88, 23. 204, 24 73, 21. 83, 20. 101,.<9>’14. 102, 6.
prominentui 966,1 118, 20. 138, 20. 104, 10. 161, 17
(promuntorium (piomuntnrinm sem- 268, 7
per) 12910 promuntorial19,17. propositi 168,18 propositum9, 99.
199,1 37,4.133,0 adpr. 266, 22 pro·
-pronai 94,13. 17, 21. 101, 20 1073. poiita 108, 14
18. 114 4 111011109421010001101211100110111 192 3 198, 14 proprie·
107,19’1110111070,’2,.,61070,0. 1111013,13,14,12 proprietatem
92, 4. 96, 99.,‘99 11. 1091 107, 12 ’10,28.1’33,.2 1’84,.1 133, 18. 224,
apronintiniio 103, ’11 pronirntintioires 27 proprietate 39,19. 48, 9. 90,
104,14 12.196,10.197,6 proprietates
pronuirtio pronuntiant 40, 20 pro- 19, 6. 93, 10. 43, 4, 190, 0. 202, 21.

1111001010 promisissem 011111.1011111100. “

13014 pronuntiaretur 263, 4 138,16.19.114,13.10021901.
pruriuntiandum 011 140, 4 pio· 204, 0. 9. 23019 proprietatibus
00011110233, 0 pronuntians 103 99 13, 20. 06, 2. 60, 22. 61, 2. 134, 16.
pronus proni 34,3 , 144, 12. 119,1o 181,0.180,12.
9110018100111001100, 13 197, 9 16
prope ado. 43, 94. ’61, 7 propius proprius propria 29010 proprium
33, 20 *1983 199,.7200,1 Ῑ110-01010.139,1.’80,18.108,20.
1110012710130219972612- 197, 18 propriam 8410 89, 27
c.acc.prope466. 27016 pro· proprium 996 91 0100110103, 16
pius 2001019 proxime 19,10. pt. 146,8. 10 proprias 149, 93.
1120,1.’30,.0 09,.7 127,18.128,100,3,’1,68 16. *171, 3, 207, 12
19199,99. i41,91'.116,96'.198,1e. propria 100, 14 propriis 106, 1
2,.300 24617 20480001 201 10 - 169,14. 904,3--proprie 10,
01001011*22220,223,*0*8’- 497, 2’1. 161, 9. 184, 17
111011111106,12.’07,8,99,12.”100, 01001016,21.1’0,23.1’3,412024.
’ 27.1,27 19.1,366.’224, 12. 271,3’ 24, 12. 22. 28,’4, 93, 2’8. 34, 96. 36,
proximum 91, 14. 117, 6. 120, ’3. 2. ’e 37,16. 38, 0. 7,’ 21. 40, 20. 41,
136,3. 147,2 - 2201, 224,1 (pro 1. 46, 7. 60, 17. 03, 1. 06, 16. 93.
ximo 164, 9) proximi 130, 11. 07,7. 0013. 10. 00214. 27. 01,10.
179, 23 proximae 46, 9. 91, 3. 64, 4. 71,9. 14. 72, 24. 74, 1. 70, 1.

 

