'-82-

19999.19991919999919. 19.19919.199,9.199,19.191,99.
1999919999. 1991. 919, 9. 9. 119, 99. 119, 9. 199, 9. 191, 8. 122,
12. 22. 91999. 919, 11. 19. 999, 91. 9. 199, 9. 91. 999, 1. 999, 91. 919,
991, 11. 999, 11. 13. 10. 288, 9. 1. 19. 919, 99. 911, 9. 919, 1. 999, 9.
1911. 991, 1. 1. 10. 11. 19 muro 999, 1. 99. 999, 9. 999, 9. 991, 20.
21,21.22,5. 51, 19. 19. 9991. 191, 999, 9. 999, 9. 991, 19. 9999. 999,
91. 19919. 999, 9. 911, 19 muri 20. 919, 11. 919, 1. 991, 99. 999, 11.
19991 murorum15,11.21,2 9999
. Musis 155, 11. 911, 99 9999919991 9999
»1191999169- 19919 -nares 110, 19. 99, 19. 11919. 111,
-muscus 205, 13 17. 180, 8. 11. 811, 4. *839 18. 860,
’,9919919991 3,14 1999199117,3- 4.9.868,1.1·4· 991119183985
musicen 911919 999311919,99.999,9,99,11.999.
*muninus 911090. 8, 11. 9, 13. 16 19991- 84. 884, 7
eis 919. 18 1999901999 *38, 3
μουσικός (musicus) 281, 17 9999999013 838,17
musicus musica 110,16 musicani nascitur 8,19, 14, 17. 83, 80. 48, 8.
11919 musica 11919. 1199 11. 19, 1. 19. 99, 21. 130, 11. 110,
musico 136,13 musicas 914 811898,183,88.196,19.803,7.
musicis 6, 19. 863, 1. 878, 17 810, 6, 83 naseuntur 18, 4. 43, 19.
,mutatio 121, 91 mutatione 91, 9. 99, 9. 91, 1991, 91. 199, 11. 191,
111,1.191,11 11111110115111210. 99. 191, 9. 119, 19. 19999. 191,19.
1919 mutationibus 18, 12. 110, 122, 11. 199, 11. 999, 9. 999, 99
83. 818, 84 nascatur 36, 89 nascantur 109, 88
muto mutant 16, 18. 118, 81 1990990 nascetur 99919 9999990111 84, 10
11917 mutabant 19,4 19909119- -nascebantur 33, 13 nasceretur
1990 838, 3 -191109119110 113, 81 198,1 nascerentur 138,14. 183,
mutantur 1545 mutetur 151,14 8180919 nata 990 84,18 nata
9190901091 138,17 9111011099 fuerit 91190 48,9 natus esset 34,1, 4983

17917 mutandis 134,3 mutato 9909 99990 36,83. 84,83 natus ’

191, 1119919 mutata 183, 99 9191919999 nasei 19, 25. 91, 10.
mutatis. 1999 199, 19. 199, 9. 991, 21. 202, 21.
mutuli 84, 12. 80, 7. 87 mutulorum 837, 81 9909 9999 186, 80 nascens
89,3.10.83.100,13.139,11 199011- 48, 25. 103, 81 nascentem 19, 3.
201 4, 10. 90, 8, <7.> 131, 4 87, 4 9119999099 818, 4 nascentia
mutuor mutuati 99110 86, 18 9190119· 170, 7. 186, 17. 184,6 nascentium
099 pass. 86913 911091. 103, 17. 88 natus ³²1⁹ 2210
Myagrus 63, 80 181,80 1199199991 99019393
Mylasis 49, 83 . *nasum 6916
Myron 8,13.63,19 *nationem 34, 83 natione 200, 86.
Mysiae 43,8 884, 88. 838, 14 99019999 136, 4.
Mytilene 83,80 . 19.11.191,19,89.81 1190101199
Μ99909*83,3 *13916 nationum 13910. (198,
“ 16.) 880,7 9901991099 39831393
nam 199999919, 11. 9999. 191, 9919 99191 111, 19. 191, 19. 199, 11
1.199,19.111,99,111,19.19919. natant 22, 19 natabit 111, 99
1991. 19991. 11991991, 199, 1919999911 199, 19 natare 9919
· 9919191919191.9999999, natando 20,1 natans 125,22
314 - 99199998,13.7,10.11,3. natantes 19911
11, 15. 91. 11,9. 91, 19. 9191911999 19, 9. 19, 5. 32, 99. 99, 11. 99,
9999. 91, 9. 9919. 1991. 99, 15. 2. 21, 19. 11, 9. 91, 9. 9999991.
9991. 91,19. 9911. 999. 99. 99, 99, 9. 99, 9. 20,1. 105,21. 28. 112,
99. 11, 28. 15, 22. 19, 12. 16. 9919. 9. 11919. 199, 9. 191, 99. 191, 19.
9999. 999. 111, 9. 1199111999. 991, 11 naturae 9, 99. 11, 5. 91, 8.
134,14. 1991. 138, 8. 145, 9. 117, 51, 18. 33, 7. ll. 15, 2⁰. 54, 21. 56,
21.151,2.12.155‚11.158,20.152, 5. 20, 19. 119, 9. 199, 99. 199, 10.

 

