-145-

1. 11. 111111. 102, 12. 103, 0.
104, 111. 111, 1. 1. 10. 111,11.
111,11. 110, 12. 111, 3. 3. 1111.
110, 3. 10. 113,1. 121, 0. 122, 2.
111, 1. 1. e. 111,11. 111,1. 131,
10. 130, 2. 0. 14. 130, 10. 20. 142,
14. 10. 13. 24. 111,11. 11. 111, 3.

110, 11. 111, 1. 111, 14. 244, 12.
243, 10. 200, 1 utilitates 111,11.
11, 10. 32, 10. 33, 11111111,
11. 40, 0. 11,11. 00, 21. 11,11.
11,11. 11,11. 11,11. 11,11. 111,
11. 111,1. 111,11. 111,11. 111,
1, 212, 1. 11111, 11 .

11111, 20. 100, 11. 111,11. 111, 111111 11,11. 114, 23. 111, 11
1. 111, 11. 111,11. 111,11. 111, ntique 111,1.111,11
11,11. 11. 111,11. 103,21. 111,1. ntor ntnntnr 11,11. 21. 11,11. 11,

111, 0. 111,11. 111,1.111,1.11ο,
1. 11. 111, 11. 111, 11. 111,11.
111, 0. 111,·1. 10. 111,11. 111, 1.
111, 1. 200, 1. 11111, 1. 11. 111,
24. 111,11.111,1ο.111,1. 213,0.
220, 13. 223, 1. 111, 1111111,
11. 22. 231, 21, 230, 11. 111, 20.

241, 10. 244, 11. 11. 111, 11. 111,

1. 11. 111, 3. 111, 11. 111111.
204, 11. 200, 11. 111, 13. 213, 0.
111, 2. 111, 1. 12. 111, 11. 111, 1.

11. 11, 1. 111, 1. 111,1111. 111,
23. 180, 11. 182, 27. 194, 20. 210,
17. 223, 20 utebatur 217, 11.
273, 23 uterentur 00,1 utemur
142, 3. 1 1111 est 203,,13 usi
sunt 116, 11 usurus 1111132,11
utendum est 14,18 utendum
erit 23, 7. 241,3 uti 11,1. 13,
1. 11, 10. 111,11. 111,11. 13111.
111, 11,11. 1111111111. 1111)
182, 26 11111111 171,1 utendo

281,10.204,0 - 134,4.100,24. 14, 20. 112, 9. 169, 7. 204, 20
111, 4. 12. 111,1. 111, 3. 111, 11 unns 111, 11 nni 00, 22
- uti 1111111111. 61, 21. 23. 102, utrimque *118, 6. 220,2
10. 111, 24. 140, 1. 111, 2. 131, ntnnn - nn 11, 11. 104, 10
1. 7 uulgo (uolgo) *160, 23

uter utrum 118,1 uulnorotur 21,9

uterque 7, 11 utriusque 221, 11.-11111111 3, 13
211, 19. 218,2 utromque 138, 2.··nxoro *11, 6
{125qu}7²⁷}59uffiffq3ue8itg Xanthus 130,0 Xanthum 130,13
⁹ (⁸⁰⁵1 pnr'te) ³⁹2 ¹⁰· ¹³· 48198·7911111191119115111, 11. 1111, 11 ·
Xuthi 81,1

κξυστός (xystos) 128,10. 110, 21 -

xystus 100, 21 xystum 128, 12. 18

10. 111, 22. 122, 8. 111,11. 138, l.
139, 21. 219, 1 in utroque (111111.)
272, 13 utrique 137, 4 utraeque
ii? 1121811, ii ¹31¹? 1101114161 {03301120 1⁵ 1111111111
utrarumque 80, 3. *229, 22 utrm- ’
4100231,10.125,e utrasque 12020 Zacyntho (Zaohinto) *111,11
utrosque 08, 10. 11 utrisque 0023 Zama 203, 2
9111111111 38, 23 1111 116,10
utitis 111, 1. 11. 11,11.11,1. 11,1. Zenon 100, 10
101, 14. 214, 23 utilem 19, 21 Zepheiu. Cephei -
utiles 10, 21 1111111211,20.280,0 Zmirno Zmyrnaeorum u. Smyrna
utiles 111, 11 11111 111,1111, smyrnnennnnn 11, 11. 111, 11
9.260,19 - utiliores 38,11. Zoilus 111, 17. 23
111, 11 utilissimam 11,1. 11, 11 -nonn 213, 10 1111111111111, 12
utilissimos 110, 24 utilissimas 1111122111
281, 22 utilissimis 213,13 -3ophor11081,0.‘100,20 zophorum
utiliter 111, 1. 213, 9 81,13 zophoro 81, 21 zophoroe
1111111111 11, 10. 21. 111,1. 101, 1 *11, 11,11, 11. *1111
utilitati 142,? utilitatem 11,11. uyginm ¹⁸00, 10

111,11. 131, 3. 140, 10. 142, 1. 1111 (1111111111

Q

vitruvius.

 

