...75-

18. *227, 2 longissimis 130, 25 -111111 111,3 lucem 126, 15. 220, 1. 25.
longe 15, 5. 151,15.155,5. 1111. 2155
215, 25. 225, 5. 225, 10. 1111 lon· Lydia *111, 11 -1111111111811
gius 22, 1. 55, 11. 1551. 222, 5. Lyncesto 200,1
1111. 11111. 255, 1. 21. 21. 11111111 225,10 ,
5. 15 Lysippus 63,13
-toriea 55,5.175,5 loricae 151,5 χ111117625 11111181] (115111115201
‘'loricationem 161,17
lorum 255, 511 loro 2555 loro M.=M5roo 2,3 Marcum 2013
2111262558 1011125111 Macedo 31,23 ,
>&lotionibus 178,10 Macedonia 31, 8. 157, 15. 172, 22.
inne-nia *108,11 190, 8
1111112260 111111122023 lucenti macerationis 165, 22 maceratione
, 1321111163 219,18.*230,25 · 165,17 ,
‘lncema 187, 22. 211, 11 mnoeromacombmt111105,15 mace·
111111111111226,18 1111111118,22 111- rantes 101, 25 1111111161Ῑό50.
cidis 5225 Incidisrima 228, 6. 20 21. 27 maceratis 277,1
κ11111111 220, 25 —machina 213, 21. 217,11. 271, 18.
Lucium 115, 15 111,11.111,1.111,11.11. 2515.
1,11111110218,5 28210 machinae 216, 11. 217, 5.
μ1111111111 1111111,11 lucos 511. 21515. 2155. *1015 251,
101,15 11 dat. 111, 10 machinam 111,
indo ludi 31, 11 ludentes 101, 8. 15. 219, 7. 251, 5. 213, 21. 275 2.
111, 11 15. 250, 22. 251, 10. 252, 5. 111, 11
1111111111 ludi 156,16 ludorum 10811, machina 217,13. 218, 26. 25218.
111111. 150, 25. 111, 1. 15 ludos 255,15 machinae 22, 11. 15. 115,
{¹105 15.121,25.150,11 11. 211,1.15. 111, 1. 255, 21. 111,
6111111111121111110113,11Ἠ11, 11. 111, 1 machinarum 215, 22.
, 11111111111111111111111111111 211,15.251, 15 111111111111.
11, 2321111118, 115111, 5.· 125, 1. 111, 11. 25. 211, 1111113
1111111 1111111011 11 1111111111, 11111111111.111111111111,
31111,1111111111111111113. 5. 211, 21. 215, 15. 18111. 251,
1111111111, 1111 1111111011, 1521
imit, 151221, 20 luminati, 2.),1111111111311ο 15, 6. 211, 21 maehina-
111, 1111, 115111, 11111, 111111, tionis 215, 1111311 machina.
55151, 10 1111111111, 1111, 15. 11111111 111, 15215, 10 machina-
Χ111,111111181111111111111111111. tione 111111, 111, 11. 111, 11.
χ111, 20 11111111111111111. *1111 1111111111111111111.
*1151 111111161111111111, 11 250, 515 — 215, 15 machinatio-
luminosar15,5 1111111 2112321213 machinatio·
anphis *111, 5 . nibus 160,2.211,27.272,20. 275, 15
Lunae 115, 21. 12,27--1111111178,17. machinatus est 25, 8 machinata
220, 6. 2. 16. 226, 5. 226, l. 16. 232, pass. 216, 2
5 lunae 151, 5. 170, 7. 221, 20. 215, macritatem 11,1
2. 225, 13 lunam 225, 12. 21 hmo-maculam 205, 5
1012 ,maeniana 105,5 maenianorum
lunaris 2211, 16 lunarem 22012 101121
turinum 31, 21 Maeonia *19111
111111 51,15 magis 21, 15. 115, *11. 20. 111, 5.
lutosae 1113 150, 22. 212, 11. 220, 25. 111, 5.
l.lnt11m herba *182,26 (1111111111 256, 21 11111111113,5.23.13,21.
11111 1111111111.) 21,5. 22, 15. 25,2. 50, 0. 55, 15. 11,
κ-1, lutum 1111 252,12.11 1010 51, 5. 11111111111111,1111111.
15. 15. 55, 55. 20. 55, 1. (1.) 155, 55, 21. *11, 11. 50, 3. 55, 5. 51, 1.
15. 15. 20 55,11. 11, 11. 05, 22. 105, 1. 11.
1111111 *111, 11 111, 11. 11111. 121,20. 125,1.150,

 

