-35-

uerunt 630, 60 nominatur 43, 3. 6. 616,· 6 16661661111111.
113, 11. 113, 11. 160, 61. 199, 16. 669, 3110166, 16.,731101101666038
631, 6 110111111611111111,1.89,66.1100611167,16.176,6.173,13.17.73,
169, 19. 161, 7. 131, 6 110, 7161, 66. 61. 79, 10. 36,.6 86,16.160,9.
6 ,619, 10 n5miuetilr 606 nomi·

633, 10. 18 61. 631, 1681, 63

notetur 166, 5. 666,6 u51uinutum noui u. 110600
661 86, 16. 59, 61 nominata 61111 1111061166 31, 60 nouitate 37,6
87, 67 nominatus 10616187,3 nouus 6063 nonu 666,1 nouum

nominare 58,1 nominato. 55, 10.
no5944135'muot 68, 7. 18, 66 63. 76,
17. 38,31. 133, 63. 617, 61.,139,19

245, 95.1<53, 8. 210, 48. 225 ,21)
- u. minus modo solum tuntum

Nonacris 193, 11
nongento 67, 6

163, 13 1101166167 noui 86,1
nonullo, 10 110110 161, 17 noui
173,10 nouarum 88,1. 103, 9
1100663110.168,17 1106663610
nouissimus 609,16. 17 nouissimi
619, 66 nouissimos 161, 15

Ἰ1110160016 68611
2-nubes 189, 6. 16 63. 666,19

nonnulli 68, 5. 34, 7. 80, 16. 90, 60. nucleus 153 18. 166, 9 nucleum 163

161,1, 1581. 159,18. 459, 11110,

60 nucleo 154, 61

1.196,10. 636, 15. 617, 66 11011- nudus 616, 66 undu *86, 1011111110

1101111011, 66. 600, 1. 255, 61 non-

168,1011111(16179,6 milianum

nulla 13, 60. 110,19. 135, 23. 150, nullus 123, 25.153,5 nulla'l, 6. 95,

25 204, 5. 681, 15 nonnullis 666 7
nonnullos 63 43. 119,10 nonnulla
55,15. 2458 nonnullis 193. 59,
311 13. 44,5. 176,18. 60661661,

’6. 681, 61-611561.11011111111160 11.
35,15.37,19.68,3.101,65.133,.3
613, 8. 667, 3. 8. 673, 63 nonnullis
mm

nonnumquam 660, 66

68 105,19 1155. 115, 19. 431, 0
mmmmmmmmmm
60. 668, 66 nullum 5,15.129,10.
161, 19 nullius 118, 10 nullum
111,11 nullum 63, 18. 183, 8. 676,
13 nullum 76, 15. 167, 63 nullu:
163, 7 nullo 15, 15. 136, 60 nulli
163, 63 1111116368 ,13 66 nullos
ι*180, 11 nullas ’1361

10666606673,66.178,171 110666111101116111, 1
631,1.666,81101616113,63110110 numeratur 666,” ο numerari 666, 8

.611110611611110661, 66 nona*5'1 ,11,(111111101116 67 6 101 9 661, 19 numeri

-1101111686,60 1101166086,66.96,10
normam 555. 86, 19, 151, 19. 606,
66, 611, 6. ’1.13. 633, 60 norma-
,11116361

nosco nonerunt 66, 67. 669, 9 noue-
111313. 16. 5, 66 1100166661 166,
60 nouisuo 4, 5. 5, 61. 6, 60

606161006110 66611 nostrae 61,16
1106116111 618,1 nostru 68,7. 152,
1Μ3Μ66ΜΜ6Μ,

67,1.613,16.661,9.16. 19639,
60 numerum5, 1. 7, 66. 66, 60. 61.
66. 67,6. 68, 6. 41. 11660117, 10.
m,u.mmmmmmm,
60 numero 10, 15. 55, 66. 67, 6. 15.
19. 168,1.1 06, 5. 113, 19.,117, 18.
613, 66. 66. 611, 6. 619, 66. 660,3.
663, 16. 63. 661, 1. 666, 68. 683, 67
numeros 6616, 55, 10. 669, 3 nu·
1110116 67 114. 661, 18 ·

5 11061116609,13 110611668016 (numidarum 195, 61

nostris 193,4 -

60661. nostri 37, nummo 60,19.*68,1

mmmmmmmmmmummmummmmmmuu

mmmmmmmwmm
mmommmm
nostratium 145, 66
nota 110166 8, 6. 63, 11
mmmummmmmmm
1110111166 you. 133, 9
11010 notatae erunt 161, 61
11011161,16.133,10110111666111016111
6 6 liotal, 61 1101663190110,

mmmmmmmmmm.
mmmmmmmmmm
mmmmmmmmmm
immmmmmmmffl
61631111616616,
iwmumommm,mm,
6Μ66Μη6,η6,6
2mowumm,m.mo,’m
ΜΜοΜ1Μ6

17. 155, 18, 180, 4. 631, 66 110137, 1166616336

 

