.··140-

0000000000

00οΜοωηο10

uersantes *131,21 1101011100 207, 1001011610 100, 7. 100, 17

10 uersam *2708

1101101110 uetusta 212,0 uetustum

(100110270122 007.127,16. 19 19,8 1101001081,20110111.10,3
1101011100 119,18.129,2 110101110- 11011111 107, 21
rum 117, 22 00101100171,1 uer-Aine 203,10 uia 192, 23. 199, 23.

suris 09,10. 127, 21. 209, 23
uersum — susum uersum 203, 20

iQmmmmmmmmi
1011000

1. uersus quoque u. 77, 18. 270, 2111101100 13121
domum u.*-216,1 11.(11011110110101001010100 109,11

quoquouersns

1111110110 237,1

μ210111010111111001102013. 1100101100 208,3 “
101,3 uersuum 101, 10 uersibus 1100101110*220,9.221,20.220,-10.19

10001 .

1110101 100

*uerticem 00,13. 10 10111000 2201101000 uicini 118,10

oemfflwmmmffl
110110 uertuntur 238,10 uertentis

11010100 212, 19. 272, 21 uictoribus

10000000

220, 10. 210,1 1101101110 220,13 0101011000,1.01,23 1101010111,13

uerum etiami, 13

uictoria 1,‘3. 212, 9. *281, 18

uerus 11010 28,7 ueri similia 281, 10 uictus 21010 uictum 131, 21
1011111128, 0. 208, 10 0010112027. ’uicus uicorum 20, 21. 28, 17. 61, 21

136,22.211,8 uera 131,6.131,26.

uicis 2019

139, 29 1011011111 ueros *137, uideo 131,17 uidemus 13,3. 88, 3.
139, 21. 222, 18 uideamus 174, 14.
200, 20 uiderunt 282, 3 uiderit
mmummwmwww
(110001 282,17 uidissent 280, 20
1010111011εο 190, 22. 197, 7 111-

28. 139, 8 11010028,7.37,11“00110
000000000-00-
0, 10. 173, 12 u. 11010
10000160 3010Ι
χ11001010 200,3
01000011100001111111200 1000101011
10110111101190,2 uespertino 111,
0010010110 220, 23
mmwma
*uestibulo 101,11 1001111110 13,10.
01000100001
0001161110 110,10
—uesiigium 80, 22. 208, 22 uestigia
nmwmwmfflstm
..uestimentum 10,7 uestimenta 31, 17
7001001913
1100110 uestiti 128,9
,uestis 178, 1. 0, 0. 227, 9 ueste
(uestem) *178,1
β0011111110 210,11 uestitum 131,20
Vestorius 180, 26
7001111011 12,9 700111101028
10110209 ueteris 22011 10101011
18, 22 ueteri (e) ²⁸33, 11. *20, 22
ueteres 110,8 ueteribus 109,11.
0100000
9010111100 21,20. 10010 uetustatis 30,
21 uetustatem 16, 19. 17, 1. 18, 4.
10100001ω100
101, 22. 26. 156, 2. 163, 9. 167, 23.
108, 21. 178, 2 uetustate 17, 7.
’0000010000.

11011111 210, 20 uidere 19,0 111-
dentes 17010

uideor uidetur 3, 8. 9, 8. 10, 0. 11,
11.11111013,01010110.
0001000000.
11001010000001.
1ω10000οῃ000
00οΜΜοΜοΜο
010010000000
000100101100101
7. 189, 7. 196, 18. 200, 6. 201, 16.
00000000000100,
Μωοοω0οωωη
000ομ0οη00
1000000000
οηωωο00000
97, 8. 101, 16. 102, 7. 191, 9. 106, 2.
mfflwmwmmmmm
miwmmnwfflmm
4. 11. 131, 16. 22. 26. 139, 10. 14.
mmmmmffimim
mmmmmmmMQm
(282, 1) uideatur 21, 1. 38, 12. *90
amstmaimffimm
uideantur 19, 0. 30,Ι 18. 37, 0. 27.
000000οΜω
00οΜ00οωωο
11. 263,1 uidebantur 128, 21. 190,

 

