...ll-

ν6166111166*236,16 616111166 228, 9 (6101611161 229 ,14)
Arado 280, 21 4161118261,16.26·2,16.14
araeostylos 10, 16 araeostylo 13 22 arcun pl 116,26.126,.2 162,14,(222,
818006 tylis 71, 15. 73, 9. 78, 8 19) 216 10
Λ18118246,16 Ardeatino 192, 23
Aratus 231, 24 61661 1310 616616 6382238 ar·
ν6161616664 dens 42, 11. 6116 ardentem 166,

xarbitrio 38 28 (48 24) arbitria1482 426 ardentes 42, 16. 69, 29 ar- , “

«616111012136 dantia 48, 13. 192, 20
,6160163111931 616011666,6.>1616016611311 616016 192, 16. 224,
68, 23 arbore 66,18 8111016633, 11 8111016642, 2822. 43, 1. 136, 16
11. 64, 12. *66, 1. 69,3. 60, 18. 61, -8108 30 4 62, 20 areae 147, 19. 213,
38,1 26. 191, 21. 60, 7. 12811 19. 22. 28. 214,]6. 17 263,9 aream
161634 28 186 14 1832191, 166. Ioe 21320 61666 30, 9. 28.
8816011686 34 26, 331. 66, 18. 81, 66, 8 arearum 11, 28. 23, 13. 30, 1
23.106,18,.119,21.284,10 (26)33,1 81686 2019 616163, 23.
sarhusculac 216, 3. 4 6166661666216, 196,· 22
· 8 arbusculis 278,2 arefacti 6661 39,18 arefacta fuerit
„arbach 204,18 61166116 88, 12 180, 20 arefacientes 3316
‘arca 261, 3 arcae 141, 9. *261, rararena u. harena
2108111 140,18.*261, 12. 262, 24. Areopagi 36,19
219, 12 arca 261, 21 arcae 129, 61666661169,11 arcsccr'rtibu8162, 21
1113312 arcae 129, 23. 26 Areuanias 61312
Arcadia 199, 13. 200, 21 (41861166 169, 9 6 Arcesius)
Arcesius ³³98, 22. *11139 argentariae 106,6
Archimedes 10,11.160,2 6101111116-0186616616168,26.199,16 argen-
616 6, 21. 206, 9. 2138 1410111616- 166111216, 6 6180616016111 21316
4161121319 -argentum 11612. 177. 24. 184,19.
6166116010111066218,29 194, 6 argenti 11310. 218,17.
architector 61061161166161*133,12 216,·10. 1619 6186111616 111, 11
(architectent libri) 6166116611166 61866102136- 61866166616616
661 86. 160, 23 architectata 661 111, 12. 118, 4 6 argenti uiuil77,
219, 6 architectandum 181,18 ..7 178, 12
&architectura 11,10 61661160161661ρ61866166*2311
21. 16, 6. 32, 27. 36, 22. 64, 20103 Argi Argis 60, 13. 84, 20
13. 133, 21. 134,.6 242, 2. 284, 2441181118 277, 8,126, 21. 1288
8,22 610611601116161611846.618061666231,2
242, 19 architectura 1, 7. 3, 6. 36 ,1461866666110616 113, 22
29. 83, 13. 103, 7. 160, 10 16186166611*4,1 6186166610 6,,11
Α61611116611168,9.9,3.11,6.14,13. 61861166101,19
31,1..23 119,.8 164, 22. 242,1. 280, aridus 38, 24. 118, 26 arida 188,15
1921. 28316 6106116011211. 10, 6116161138, 12 611666118319
22164, 811 architecto {nara 6116138, 11 611666 88, 3, 11319.
36, 26 610611601111139.11.6,14, 181, 2 1111663314-11161160
6, 'a 61, 16. 66, 60, 111, rr. 661, a. 16616
architecti 2, 24. 4, 6. 19. 8,19. 66,-61166 tarachiae 212, 22. 214, 20.·218,
n. 60, 60. 110, 6. 66, 66. 16611. 61. 61666 arietem 616, 10. 616,
134, 8. 154, 20. 160,1’·2. 14. 182, 7. 20. 21 811010 213, 24. 284, 15 6116·
242, 21 616611601011111110,12.284, 166 22,13. 16 - arietes animat
19 architectis 1613320 archi· 281, 26 - arietis 61666 226, 23.
tector 6166161666 archi· 66611.666111666616610,
160116 8 4 26 arieti 231 9 ariete 233 9. 241,
Archytas 10, 16. 160, 2. 211, 6 Ar· 11. 12
'chytae 218, 21 arietaria 2214 18. 284, 13 6116181166
60110661616111) ³228, 4-arcti 228, 274, 9 arietariam 11313
9611106 229 *14 18 6606116661 122‚7

 

