-141—

18. 1811 uideretur 811 uide·
rentur 111 uidebitur 2, 21. 25,
11. 111. 11, 11. 11111111 ui-
11111111113, 8. 9. 19,11. 81, 19.
1111. 111. 1111111111 uisus
111 115, 15 uisum 111 18, 13. 31,
1. 11, 11. 111, 11 uisi sunt 01,0
11111 11111 8118 uideri 11111.

1Μ111111Η11
1111111Μ111
1111111111
0m2m0mm0m2w0
11. 11113. 185,1·Ξ. 18111. 102,
mmwmwmmmfflw
244, 13 uirtutibus 01, 2. 44, 10.
54, 5. 54, 22. 137, 24. 20³, 15

225,1 (111252,1)- uidetur 1111111 11, 11. 1111. 11, 1. 11, 1. 11, 1.
11. 111, 1111111 ,111, 120, 20. 105, 111. 204, 1.
11111111 1111 1111111111111111111111,
(uienna 2002) 111818 uim 41, 25. 50, 11. 122,
00311210104 12,5 uigilantia 2040 23. 108, 20. *111,1. 111, 25. 252,
uiginti 1111111111.11111111, 11 ui *11,11.*1111.11,11.111,
11111111111111, 11 1. 11. 25. *111 22. 211, 0. 244, 10.
xuigoqe 12, 2. 110, 2. 151, 0. 11111. 1111 1111111111, 111, 111111
11111 uigon‘bus 1111 uiribus 24, 1220, 11. 11, 11. 11,
-ninam142,4 uilla 142, 20 uillae 21.160,21.20.120,14 (01211022
140‚12. 1111 1111111111 uillis 111,1)111,11.1111
148, 6 11111111ῐί11111 118, 5
uinariam 142,4 uinariis 16,19 ’1111111 uisitata 11111
uincio uinetae sint 1111 111111 11, 4. 1111. 1111111, 11.
uinco 11111111 175,1 uicissent 2125 05,2 uisum 20, 01 111111*9,10
uindicat 245, 22 uindicatae 1111 uisus 111, 1. 111, 40
mimas 11111 1111111111 11111111113111.
„ninum 141,6 uini 130, 20. 102,14 131, 20. 131, 21. 155, 10. 204, 23.
uinum 102,11 uino 120, 22. 200, 11111111111111111111111,
11. 11 11, 11. 111111. 125, 1111111.
stuiolo, niolam 122,10 110110102,22 113, 9. 240, 23 11118 1, 10. 38, 7.
uiolaceo (io) *1817 131, 9. 1911111, 10
1111111111 1511 1118111111 61,17
,1111111111111111111111111111111111111 1111111111 ·
10,21 1111113113 uiris 4,15 1111111111 uitiatur 11111118,
*1113111118 19 1111311611 uirgis 10 179,14 uitiantur 1113. 144,
11, 22. 155, 0. 225, 24 21. 1111 ,1111111111 1111 11111-
111-1111111 1111 111111111111111111111- .
μ,1111111811118 1113111111, 18. 811111111114 uitiatum esse
1111 uirginum 201,5 — uirgo 111, 11

2205 uirginis 13114 'uirginem uitiosa 53,11.*110,5 uitiosum 110,
111,1.*11111.111,11 mrgine 1.11,11.11,1 111111111111

222,10 uitiosi 32,11. 191814 uitiosae
-uirgulam 1811 uirgula218,13. Ι108,11.151,8 uitiosa 10, 20. 154,
13111 uirgulas 230,0 uirgulis 4.184,15 uitiosos 191118 uitio-
1111111311 1115118 uitiosa 10,1 uitibsis
1111111111 1111111111*111,11 111;1ο.11,11.111,1
- - 11611. uiridia 111, 20. 1111-11111 uitium 1111. 111, 11 1111111
uiridibus 11111. 12 201,4
uirilis 85, 22. 01, 20 — 05, 20 uirili1' uitium 20, 18. 110, 3. 143,5 uitio
11111111 111111 111, 1. 111, 1111 uitium 42, 10. 111, 11. 152,
313 0.114,0.13.200,4 ui1i012,22.
8 1111111111111111- uinus 204, 20, 11. 11, 11. 11, 11. 111, 11. 11
11 uirtutis 1, 10. 5, 0. 0. 252, 10 uitia 111111,1111111111.
uirtutem 10, 4. 41, 21. 40, 10. 44, 1111.11111.11,11.1111.11,1.
11. 1111. 11, 11. 11111. 11111. 1111. 111, 11. 11111. 111, 1.( ).
1111111, 11111, 11. 111, 11. 11. 111, 11 uitiis 21, 11. 11, 10.
11111 uirtute 1,2. 11111. 211,20 45, 10. 111, 54, 5. 52, 25. 1111.

 

