—1m-

1111111131, 11. 11311. 133, 1. 133, terminari 31, 13 terminatas 313
11.1131111313.11331331 11111331 1111113311 ternum

temulenti 200, 23 Ι

tenduntur3,3.233,3 tendatur148,14
3131133113 189,11

teneo tenet 13311. 14. 223, 17. 227,

72, 11. 261,10.14. 274, 8 ternos
248, 24 1311133 98,13

teruntur 238, 1 1313111111 180, 18

13133131182, 23. 33,17 terendo

11131311. 1131113313 11- 13313
1111 3, 11. 13, 2. 1338 3111311111131,11-311113311.13,3.

87, 19. 225, 10 teneret 23, 10 18-
netur 242, 13. 262, 8 tenentur
2432 tenere 3,13. 27, 3. 3319.
33, 2. 233, 22 111111 31, 13, 131,
8. 2332 tenentis *27, 13 tenen·
11111311
tenerum 437 tenera 17314 teneri
1133 1111111131 tenera 1313
teneris 8,1. 11314
1133381113111 13, 7. 86, 18. 87, 4 tene·
111111 13, 11
*tenore *13, 10. *131, 13. 21. 111, 33
steutiones 3,3
111111 113, 3. 133, 11. 13 23. 11313.
1331313131. 203, 13. 231,11.
233,10 tenuem 133, 3. 123, 13.
1133 tenui133,23.133,1.223‚3
tenues 133,18. 167, 2 tenuibus
11313 - tenuiores 1131. 13, 13
tenuissimum 133,11
&tenuitas 138, 23 tenuitatem 38, 22.
1331. 13311. 131, 13 111111111-
1111318316
Teon 83, 7 'l'eo 72, 13. *133 9
tepescit 1311

431218317. 18223. 197,19. 203,
mmmmmmmmms
3333333333
333333333
smmmmmmmmm
26. 197, 3. 6. 8. 198, 4. 20. 199, 14.
mwmmmmmmme
131111311113113313 131-
ram 18,12. 21, 5. 40, 3. 42, 17. 25.
mmmmmmmmmm
3. 187, 28. 188,17. 192, 5. 15. 22.
135, 5. 196, 6. 7. 21. 219, 4. 19. 22.
23. 24. 26. 225, 312. 227, 1. 231,
22. 25. 232, 3. 245, 20. 283, 4. 17
3333333333
33333333313
22. 123, 24. 30. 129, 26. 176,11.
1m3mmm2mmm.
188, 19. 188, 6. 13. 196,17. 19.Ι 198,
1. 200, 6. 208, 16. 207, 16. 219, 6. 8.
13. 14222, 18 terrae 42,13 13113-
memmmmmmm
mmmmmmmumm
2mmmmemwwen
ras 1833 terris 183, 23

,313131111113131131111111313 Terracinae *1931 Terracinam

tepidarium 123, 12 tepidario 123,
11 tepidaria 1232
tepidus tepidae 133,13 - tepidio-
rem 14317
1131131 187, 13 teporem 33, 21 tepore
*141,3.*1ss,1
terdecies 22316 ,
«1313513327331 1311613273128317
...terebrationem 210,1 terebratione
240,1 terebrationes 2638
terebro terebratur 281, 17 terebrata
1331 ·
»teredines 181,2
Terentius Varro 1633
teretibus 105, 18
(tergore ei. 1133123314)

*131, 13

1311311113 184, 24. 19316 terreus

11311 1111111111 11, 23. 203, 23.
20318211, 16 terreni 22, 31. 45, Ι
9. 184, 14 terrenum 153317 ter·

mmmmmmmmm '

44, 10. 36, 21 - 31111111111111
*11, 11. *11, 13. 3311 1111111111,
22. 13, 3. 3. 11. 1311. 331. 11, 1.
4. 3. 21. 58, 6. 203, 26 terreno 17,
1133113311

terrestri 184, 13 terrestrium 18, 3. 3

terrestria 1313

terrosa 436 terrosi 433 tertosae

1313

tertiarium 3311 tertiario 10318

,1131313363 ΙΙ267 , 20. 133, 21 termi- tertius tertia 13,10.63,13.77,21.84,4.

ostonem 103,13.113,21 termi-
natione 203, 3 terminationes 12,
3. 13, 3. 111, 2. 112, 3. 13313.
232, 2 terminationibus 32, 28.
3311

331133313331133.11313. “
131, 11. 111, 11. 113, 3 tertium
31, 13. 31, 11. 111, 13. 1313 113,
13. 1131111313.113111313.
terrim 1313. 13311 tertiam

 

