-131-

· 3311.133,13.131,11.133,1.311, 23. 131, 3. 133, 3. 133, 13. 131, 11.
34 symmetriis 33, 31. 33, 3. 33, 13. 133,4.131, 13. 313, 13. 333, 13.
13, 16. 34, 3. 31, 33. 131, 1. 3. 13. 333, 33
13. 102, 3. 103, s. 143, 3. 14313. tametsi 3313
113, 3. 131, 13. 134, 11. 133,1.3. tamquam 11,13.313,3
13.131,3.11.333,3 Tanais 13313

symmetros 1311 13311313 139 8
fsymputhiss 9,18 tangit 26, 8. 29, 4. 189, 10. 22419.
3333333131 (3'ymphonias) 113,17 - 229, 7 1311311111 100,11. 107,13.

symphonianum. 113, 33 11113113- 133, 3. 133, 14 sanguis 33, 31. 13, ’

1113131119, 19, 116, 28 sympho· 18. 82, 22. 94,5.96,12. 109, 11.
11313,13’133,31.331,3’ 1311311114 11.
0023110833010 (syneehontas) 121,3 117, 2 214, 12 tanget 206, 7 1311-
συνημμένον *113, 13 - 3333111313-33111*206,1 tetigerit 211182,
131113,13.113,κ63>.(114,31.) 11. 13 11131111333311316
115, 1. 14. 24 (3311113111.) tangatur 199,9 1333311131 114,.8
Syracusis 10,17. 215,10 - 81131934 tangentur 66, 9 13311 311111
3331113 296,18 272,12 13313 3311145, 7 tangi
Syriae 69,9 Syria 130,14.136,2. 284,16 tangendo 82, 23. 36, 8.
197, 20 241,11 tangens 241 2. 61, 7 133·
-363131 (strix) *267,1 gentes 256 7. 265, 19. 1 1131369,
»13313133731920 systylon 99,11 17190,1 1331311 262, 27 13316
1311111 13’, 11 systylo 1313131 1313- 3311 *133,13
1331113 tantu 7,16.81,4. 87,9.141,7.
«11331111 3333 143, 3. 333, 33. 33. 33131 tantum
4363111331 50,18 taberna 297,11 946 1331113*83,16.189,26 133-
3611133 133,3.143,13 111113331413 1111311 3331.
*tablini 142, 810 tablino ‘141‚21. 87,16. 101, 7. 12. 122, 16. 126, 21.
331431 tablina 113,4.*143,13 131,3. 3333 1311313343333
343113 133,13. 3333 tabulae ⁸232, 111113 33, 31. 133, 34 (altero 111113)
10 tsbulum362,1(10) 13111113 262 16313. 2222 270, 8 1311133 8711
31363134131,31)33,14.333,1..3 tanta 313, ’4 usitatum 133, 33
268,26.269,1.266,11 (tabularum 1311138 23, 10. 40, 33. 86, 26. 204, 16
311, 3) 36111113,33.133,13.333,131114 1,1.3,13. 33313-3113.
4. 313, 20. 311, 3. 1. 313, 13 tantum ’,143 ’1. 313, 13. 313, 1. 11.
..tabulationes 116,10 10,3.153,13.233,16 131111 49,2
tabulato 274,16 tabulata 274,7 tantum adv. 8, 19. 26, 27. 28, 9.

tabulatorum 31313111 1161- 31,33.131,13.131,33.331,13. -

lata 313, 33 313,13.333,1
·(111631133 14116) u. tablinum tantusdem tantundem 311631. 66,12.
3133113313*28,26 17. 81, 6. 216, 16. 219, 26. 270, 21.
11133133 46, 18. 262, 9. *287, 19 tactu 81, 28. 268, 18
6,16.46,10.*109,201115,4. 121, (1313633133 pro Arcesius 90 ,22)
16. 131, ’3. 331113) *31 311,11’)(131611313 131, 33
‘taedas 3311 180,17 1311133 27312 1361312223 131-
„taenia 91, 26 613 27 (11313381, 13. 137, 19- 1111119 69,
unless *21, 21 taleis 21, 23 10. 124, 21 13111133 224, 3 241,
-1313313133311, 279,21 815
tales 168,18-198,4 13113. 10 20 Tarentini 216, 21. 10, 16
13111133 168, 16 Γ1313111331 Tarenti *299, 19 (taranti)
tam 22, 5. 27, 7. 52,.6 79, 5. 81, 19. Tarquiniensium 46, 14
82,.8 87, 24. 94,2. 100, 29 106,2. Tarsos *134 24 Γ13133 *203 ,11(11)
142, 21. 216311631311313.133133231,13 131111 226 24. 26. 228,
(208, 27.)217, 7. 269, 11. 267, 22. 11. 12. 14. *17. *281, 7. 241, 19
268,9 tauro 226, 27
nmen 3,13. 333. 31,3. 3313. 1133311111 231,1'4

9*

 

