..29-

8481. 284, 24 occ. 61, 17. 66, 22.
88, 80. 66, 86. 66, 9. 66, 9. 86,16.
134, 6. 16810. 160, 6. 194, 9. 198,
16. 800,7 corporis 82, 21. 66, 19.
86. 6818 67, 19. 6818, 86, 86.
1881718816. 194,1.810, 10. 11.
816, 22. 846, 81 corpore 18,16.
17, 22. 18, 11. 41, 84. 88. 64, 18. 66,
10. 67, 16. 66, 4. 96, 6. 104, 81. 184,
10. 88. 816, 14. 860, 86 corporo
14, 2. 16, 18, 60. 17, 6. 10. 37, 9. 41,
16. 6416. 10818. 185,17. 137, 6.
1888 666. 16, 6. 17, 9. 18, 17. 67,
16889818.107,17.166,8.6.818,
1684813 corporum 17,18. 138,
3. 14. 196, 84 corporibus 17, 21.
19, 8. 84, 9. 66, 81. 4613. 108, 21.
810, 6 664. 17, 14. 84, 80. 4818.
68, 16. 108, 86. 181,10. 186, 89.
134, 38. 166, 8. 18169, 17. 178, 6.

ΠΜΜΜΜΜῌΜΜ
11. 1886. 100,8.3.188,87. 163, 10,
immuummmum,
6.7.10,11.13.14.16.18.19.81.83.
1614666661466.
81. 871, 1. 8. 6. 10. 18. 13.17.19.
mmwuommmffln
unwmmmme
66466666166
666Μ66ωω66
mmmwmmmfflmm
74,1.186,6 666661666111611181,18.
36,3. 481616. 71,11. 73,14. 86.
7818. 883. 87,16. 94,18.06,18.
98, 8. 100,8. 211, 17. 810, 8. 277, 9
crassitudine 21, 4. 81. 88. 88, 83.
8666666686

·66666668666

Quwwwmummffi
ΜΜΜΜΜΜΜΜΜ

ιηῃΜψΜΜΜωω
81810
xconeptiones 866, 86
corrigeret 174, 86 corrigendos 817,
16 66116616111174,83 tudinibus 76, 3. 96, 80-18,80.
661116616611.1ῑ6,’6.166,16441,4 106, 83. 106, 18 847,8
corripiunt 42,4 corripiit280, 84 6166668881. 7816 crasse 79, 83.
6611161 884 84 corripiendo241, 19 98, 81. 248, 86 cressum 164, 81 -
correpta 41, 21 correptis 43,10 100,1,186.’19 61666680810 6166-
corrunnpunt 146, 16. 144, 13 eor· sae 66,16.16.166,14.166,11.166,
rumpuntur 171,8corru1npere 186, 168787 cresse 87818 crassas
6 66116111ρί689 corrupto 198, 88 10819 crassis 160, 89. 8781 -
661166661819 crassior 106, 19 crassiores 74, 4.
66166(666611)1461166166614610 76,16.76,19.79,18.168,1 6166-
66166988 corsae 98, 6. 86 6161616819
*cortex 800, 11 crastiuus 88 4
..corus (ch zion) 86, 88. 87, 18 commemoratorum) Ι8868838688
86, 14 u caurus Cretes 11666616 pro socrates 168 14
»66166146616686166186884 coruumfcretes Ι4876, 86
demolitorem 876, 88 Crathis *198 9
coryceum 18816
-cos cote 171, 80

smffimmmumu
umsumiffiwsmemu
6661116673, 10. 81. 82, 23. 94, 87 -
666. 68, 14. 7817. 16880 616661-

ῥ61661611 pl. 66, 80 craticiorum 6884
craticiis 16814
Cossutius 160,22. 161, 18 Cossutio creber crebri 131. 42, 14. 43, 16. 44,

6661611116 81816 cotidianum 166,
· 16 cotidiene 806, 14 6664166696,
6Μ6Μ66Μ666
616116684886 cotidiana 14816.
6011111628ῌΙ 36, 86. 166, 88. 198,

8*876,9. crebrae 187, 86. 1986
crebros 191, 16 crebras 24, 21.
177,7 crebre 883, 86 crebris 68,
84. 70, 13. 104, 88. 169, 6. 171,’ 8.
178,11 - crebriorem creber·
11616681,88.76,1 creberrimis
128, 1 - 61661667, 18. *111, 8.

12. 228, 7 18. 840, 6. 841, 1 *193,1-61661166146,86.16816.
cmmmr mwmwmfflnme

Cous Coo 86816 rime 876, 84
*crassitudo 66, 6. 70, 17. 80. 78, 9. 764 crebritatem 74, 1. 80, 80. 188, 2. 837,

1218. 7616141619. 77, 7. 78, 17 crebritate 71, 8. 111, 18. 868,
81. 86. 7810. 81, 3. 12. 84, 6. 87, 9. 21 crebritatibus 33, 17. 61, 84

 

