,61-

2011121110. 1421016. 29,18.19 1424. 110,1o interiora 1016.
tis. 20511. 21 ln's. 22 05. 30, 20. 33, *100 inten'orum 271, 10 11110110-
11.11.01,11.001110101010 11011010111010101011,10.01,10
11, 0010. 0011001001101, interioribus 22, 5. se, 10

10111). 69, 4. 70,16. 71, 2. 73, 2001010110011001 37, 24 interitiones
0000000000 mm

001000010. 1110. 00,11.00,)011011111010111001 1010

. 1010, 10011. 10010. 10010103, (nterordinttis 011010)

11. 106, 5. 14. 1521. 112, 14. 20, {interpellationem 150, 15 interpella·
11010. 111, 0. 10. 111, 15. 1101. tionibus 150,5

119, 22. 120, 21. 23. 111, 11. 110, interpellauerit 0001100111001
14.126, 10. 18128, 1617. 129, 23. interpellauerint 121, 25 interpel-
1301117261. 13013. 101, 110, 10011110010 interpellare 205, 10
138, 5. 6. 142, 23. 143, 14. 24. 30. interpellans 1,8

149, 4. 8. 9. 150, 17,10. 152, 6. 153ᾓ11110100110100 140, 0 interpensiuis
12. 111, 21. 101, 110. 155, 2. 5. 11011
160420170020.1101117012. interponunt 48,1’1 interponuntur ,

11010. 111, 11. 110, 12. 101, 1.

101, 0. 101, 1. (10010.) 101, 5. 101,·

10. 11. 100, o. 101, 10. 101, 15. 205,
mmmwnmmmn
20. 2101. 1101111100. 110, 11.
223, 11111, 11, 225, 0. 12. 110, 10.
1010100,11100101101110.

256, 6 interponantur 04, 20 inter·
positae sunt 262, 4 interposite
sunt 10010 interponere 71,12
interponi 70,18 mterponentes
104,12 interposito 84,15. 158,9 ·
interpositi 112, 15 interpositos
*10001001 interpositis 0010.

111, 11. 110, 11, 101, 10. 252, 11. 111, 10

1001. 1001, 10010, 1000. 110, ttinterpositiones 110, 10

10170, 1, 5. 16. 10. 279, 8 interrogarent 131, 22 interrogauit
intemrescnnt 17010 intererescent 31,22

184, 16 interpretabor 110, 21
,κ1010100011010 12, 22

interseco intersectis 4012

linnncspedinitns 10010
intercardinatis *27015 Ι
intercluserit 73,2 1001010001ομ100100011031,151010100000111081,17

01, 10 -11101001101100010111110000οΛ
Χ11110100101110100171,25. 7013. 03, 1ολ101010011010 60, 16. 84, 2. 107, 7. 111,
122, 27 intercolumnii 0016 inter· 25.255,19. 211, 1 - 15, 2. 214, 10
tolumnio 10, 11. 11, 11 - 21, 1
intercolumnio 72, 9. 13. 76, 11. 142,
20 intercolumniorum 69, 24. 70,
1111011011. 11, 1. 01, 0, 01, 15
intercolumnia 71, 7. 7010. 83, 6.’
01, 5. 01, 21. 101,1.100,0.100,10
intercolumniis 92,0
intercurrunt 119, 2 intercurrentes
11010

interuallo 120, 10. 12. 231, 9. 12.
23018 interualla 21, 29. 7010.
1010011.10011001110010 -
acc. 001. 1102. 1101. 1101. 25.
220, 14. 255, 15. 21011 interual-
lornm 70,16. 71,14.111,20. 112,
4. 6 interuallis 22, 5. 71, 23, 92, 5.
110111011010.00111010.
110, 111101 .
interiment 011101001011,10.100,0.110,1011·
interen 33, 16. (120, 19.) 281, 1 terueniorum *40 12. ⁸51, ⁰1
intereo interirent 1506 interuertentur 22, 12
interficit 17,14 interiectis 4,15 01010000001011011 intestino
interim 0101110010 0010.100,1.110,11.110,11 in-
interimuntur ⁸210, 29 10011110 0018
1010110138,12.00,11 (interius 231,1) intextum 0011701 intextis 166, 24
interioris 107,21.194,1 interiori intinguuntur 11200, 6 intinctus est
, 1010 interiorem 101011111, 1000 intincta est*105,5 in-
3. 240, 3. 11263, 18 1010001022, 24. tinctus 41, 25 intinctam 108, 15
101. 101, 11. 10011. 1100. 110, intinctas 101, 10. *111, 10
1. *1 interiores 10, 1011101.) intortus 10011 1010101000

ὅ*

 

