..55-

fulcitur 223,13 1111111666 fulto 6111113 31, 24 132, 4. 130,15
185, 20 · gallicus 27,13 gallicae 20,2
-1111161111 61116125826) (111866 190,13
1111861163 168, 29. 175, 10Ι κγάνωσις(8116116)*116,6
11118111 12, 27 ,gaudio 215, 25
'fuligo 167, 12 fuliginem 180,11)(8611611111 165,1 gelicidia 164,13.
11118111516171,8 gelicidiorum 46, 17 gelicidiis 46,
’1111110116211 134, 4 2 53, 16. 164, 26
fulmen 1111111111*93,6 (geloni pro chelae 267 ,12)
fl'ulmcni' 13 107,13 -6861161111125221
*fulturarum 152,16 fullones 234, &geminorum (eidus) 227, 7. 228, 11.
1111111111 244,0 241,13 86111101 226 28, 231. 58
1111116167,12.177, 11 fumum 167, 15 geminis 227, 1
fumo 171, 8 8611132381
11163161111122, 21. 24 fundamento generatim 17, 13. 54, 5 116, 3. 142 6
22, 29 fundamenta 21, 2. 22, 27 genethlialogiae 232, *10. *17
76,2. 130, 18. 151, 23 1166.46,14.8611611111 *221116 (61. ingenicu-
57,12.109,.1 16015 1111131161- 13 uc)
161111 15, 20. 108, 28 fundamen· geniculus 208, 22 geniculo 203,14
116 57,19. 76, geniculis 209, 23
*1111161616675111521 11163116-8611631 4.135,8.136,·20.137,12.
nibus 108, 31. 130, 23 138, 4 gentium 134, 32. 136, 20.
Fundi 1111166*197,13 138,13.16.21. 18318 gentibue
111116111111116168,7-1111111133 10, 21. 134, 8 184, 17. 212, 13. 23
36,10 lundein 169, 3- 1111111- 861166351636386111111615722
1161 167, 22 (86111111681116 23210. 17)
11111611611184, 20 111661111207Γ86113. 229,1 genuorum 228,9 86-
26 111111231, 15 111116106210, 11 nibus 22910
fundendum 46 5 11111616 136 ,67186113 18, 4. 42, 7 31 44,14. 52,11.
circe 11161111 18216 11312234 84,10.15. <86,15.>90,26.141,1.
1111111111 261, 6 176, 23, 179, 10. 194, 3, 22. 109, 6.
-11111113111111267, 13 1111111261,15 200, 26. 203, 9. 243, 27. 248, 18.
fundo 16161611 fundos 262, , 316,16.111,1 acc. 16, 20. 1116.
18. 20 1111111126οὠ (Mar. 261,6) 48, 21. 64, 22. 88, 1, 18. 192, 7. 160,
*111116246,10.20.22.247,*9.10.13.11.197,3.273,14 generis 2,21.
26. 248, 12. 262 18 9671. 246, 14 5, 1221. 15,23. 23,10. 42,31. 56,
211266 11116111 661,13’. 14 1.’61,16.14,3,63,16.61,11.66,6.
11116116, 6. 247, 5 1119117246, 25. 87, 7. 90, 16. 94, 7. 112,3. 122, 23.
249, 11. 269, 5. 278, 20. 279, 57 168,16. 182, 2. 196,10. 197, 18.
nuliius 246, ’.3 611, 16111111. 1311161611 genere 13, 6. 42,
m,mmwo mmmfflfflmnmmm
χ’1111641 furcis 3'4,14 6. 99, 20. 96, 16. 97, 21. 101, 17. 20.
‘sarciliae 269, 21 106, 12.112,12. 115, 20. 122,19.
-111111 rnen 133, 19. 137, 6. 158, 13. 161, 5. 171,
111611111116315521 iuratos 157,13 23175, 17. 177, 21. 185, 27. 197, 9.
11161111161611616 furti 161, 14 1612111,16111161314161,
1111115110 9 genere 37, 9. 38, 7. 2640, 3. 43, ’
1111160 135, 13 19. 44, 23. 46, 18. 56, 2. 71, 5. 87,
111610 231,11 279817,102,8.111,14.119,10.
1111116113. 56,16 134,17.144,12.154,.9 195,1.198,
*lusus 13611.261,12 11160 251, 12 19. 203, 24. 236, 3 8 acc. 19, 25.
1116011251,11.13 31, 4. 34, 19. 131, 3. 197, 14. 210,
22. 233, ic 21. 23⁷, 24 generum
6. = 6111111 16111 616. 63, 161164, 11. 161, 21.
111111111213-111111161611111166 112, 13. 16616. 116, 3. 161, 16.
Gaius 16611 16116. 111, 4. 1611 generibus

 

