...14-

9199199999, 19.11,1,9. 10. Babyloni len) *1999 Babylone 99,
41, 4. 8. 10. 47. 12 bis. 52, 8. 17. 55, 7. 195, 21
9. 19. 99, 9. 999. 999. 99, 99. 99999991 191, 99
511. 15. 51, 1. 11, 19. 19, 22. leunculorum *11, 9. *1991
99.99.99<19>.19,119.9ο,<1>.99 Baianis 19, 9. 99
bio. 05, 9. 99, 1. (991199. 99, 9. Balearibus 115, 19. 999, 10
1999. 191, 99. 19919.1999991911111191991 balineae *19,19.
99. 199, 9911919119, 99. 99 19. *119, 19 balinearum 121,30. (bal-
11999.11991999119999199, 199111199911 balineis *199
11199991999919999.1991. balineae *991,11 balineis 19919
19.199,9911.<9>.1.9919.1199119119 999999999. 11 ballistae
111,9.19.111,91.1191911919. 19, 20 1999199991 ballistae
151, 1. 919. 199, 9. 11. 191, 2. 9.. 911, 19. 999, 20 ballistarum 91,
19911. 19919. 91. 199, 9. 91 bio. 9, 9. 999, 1. 999, 19911. 9. 991, 11
191, 11. 1991199. 151, 10. 119, ballistis 211, 91. 9191. 919, 99.
19. 119, 19. 11. 111, 12. 19. 15. 119, 991, 19
1. 1191991. 19911. 199, 1. 151, balnearia nabbe. 111, 11. 119, 99
2 519. 4.·188, 10. 131, 13. 19. 132, (59119911 u. balineum*)
14. 198, (2). 24. 195, 14. 197, 8 518711211& 79, 14 balteorum 79, 17
*198, 4. 204, 18 019. 19. 205, 8.**591911111119 284,4
19. 18 bio. 205, 21. 991, 11. 19. 999, barberino 9, 5. 999
(20). 23. 24. 211, 7. 8. 18. 919191111111199991999 barbaros
19. 919, 11. 919, 19. 999, 99. 991, 991119
25. 285, 21. 238, 1. 11. 14. 15. 19. ξαροῦλκον *2111
99919, 9. 9999199911. 999, 10. aryoepbuee *11, 11
99991. 919, 1. 91999. 911, 1. 9991919999 1999, 191, 1. 19 basilion
12. 281, 20 1111- 9111910. 107,3 1919991119991919199-
19, 91. 91, 19. 99, 19. 19, 11. 9999. rnnn 105, 91. 1991. 19. 119, 99
9919. 91, 1. 99, 99. 91, 9. 11. 19991111 991, 1. 9. 991, 15. 91999911,
18. 143,15. 17. 148, 11. 171,15. 24 5119189911. 271,17 baseos 277,
1991.19919999991919919, 99 bailleul 191119999999,
15. 26918. 208, 7 aab - 999 15. 231, 9. 251, 5. 2119427199.
11919 215, 9. 9191 beai 9999. 91919
auium passim (111) ‘115 3. 181, 3. 599119 15,1
991,19(1ο,9.911,99.991,9ο) 9991999999
onunabopoeetoe 2231, 23 ibellum belli 30,21. 13927. 231, 22
autumnale 38, 10. *227, 13 91111111- bellum 1,11.251,u 59119 913.
nali 91, 99 autumnalia 111, 91 99,9.199,1.191,99.999,19
autumnalibus 112,1 5911119 bellissime 208, 25
*autumno 54,10 bene u. bouus
auxiliatur 255,7 auxiliaretur 2896159193911111 133. 15 beneficio 2, 8.
auxiliata 121, 11 9911. 151,11
1* 991111995921 anxilio 116,13 911111- *benignitati 185,7
lia 52, 25. 104, 23 auxiliis 99919 Berones 991, 99. 252, 11. 255, 14
“axiculo 263, 22 axiculi 252, 1927911199 5999911 67, *7. *11 (bes alierum)
13 91911919199 5999911599 ²125, 13. Ι1170, 15
*allis 239, 12. 17. 247, 21. (256, 3.>·59911911 aiano 230, 20 - bestiarum
991, 91. 999, 9. 91 axin 199911. 19, 9. 19, 99. 191, 9. 119, 9. 121,11.
9191.991,91,9999.991,19.911, 19999999
11 axem 19911.9199911919191119191 99, 11. 111, 99
13. 256, 1. 11. 15. 19. 257, 2. 3. 265, *515119159991101511 959919195151.)
91 exe 215, 11. 99999. 991, 11. 199, 9. 20. 151, 19 bibliothecae
2050 axi 1101. 239, 13 axes 79, 144,18.145,28 51511015901914,6
19. 99, 19. 199,1.*1. 91911999, bibliothecae 119, 99 bibliothecis
199191 111, 19
...91912395919111’235,129119119271,3 5159 51511 13919 5151111 134, 20.

 

