..90-

Ἶιι6111116250,26.260,10. 1616116166117,7.120,6.8.236,12.
’ Paeonius 191, 7 9. 951, ⁸9. *8. 17 13(οἰ6) 16161161662235, 9
-pagina 914, 4 1111111111 si 133, 24
xlpagmentum98, 20 pagmenta99, 1)-paramese 112, 18 paramesen 114,
,,116166611612724161666116111111127,2 2411116). 115,16
palaestras 146, 11 11616661Ι rrs 127Ἶ1616ι1616 113 ,<1>. aba paraneta-
4. 250, 20 rum 136, 9⁹1
21161611611111116 67,12 -116161161111161611161233,1
-116166 163, 19. 40, 24 paleae 98, 5-11616616611, 1166166 143,11 parasta-
paleis 36,10,277,1 (166 266,18 parastatle 999, 99-
, Palladis 101, 22 respueretur ιι. ναός 68, 26
Pallenses 44, 20 Pallensibus (Ρ61- --116166161611161 *270, 13
1166611166) *46,0 parastaticae 270, 22 parastaticam
*pallore 144, 23 palloribus 210,10 266, 17 parastatica 23812266, 16
spalmaea, 11 - 212,7 palmas 213, 6 parastaticae 106, 21. 266, 14 para·
palmare 281, 10 sati-icarum 109, 24 pairastaticas
(palmeis ed 276, 26 ιι. primnis) 88,12.106,18
palmipedah *277 98. 112278, 25 palmi· paratiores 137, 24
1161111166*276,14(11111616116166 11616614, 12-116166176,7 203,. 22 l
766616161611) palmipedalia9'l9 ,8-parens s. 203, 6 parentis m.. 2 ,1
-palmus 68,14 palmum 33, 3. 5. 99, 1161611111, 16 parentem 157, 20
19.179,18 1161111612,17,66,22. parentium 132, 25 parentibus
117, 23 (palmopede 366.) palmi 139, 22 parentes139,19
68, 13 palmorum 30,6. 68,1, 14 parere 59, 22 (parentia 111 ,3).
palmis 99, 93. 97, 91. *264, 13 parerga 238, 11
1611116247, 3 11616247,101161124166116111111616 119, 91. 22. 113, 5
palorum' 16. > palo's 11, 111 111111616616,ιι.*16,16.(16,6),6116,
15, 93. 130, 21. 247, 16 101, 4.148, 10. 102, 21 169, 18.
—palus paludem 191,1 paludes 19, 170,4. 11 178, 26 parietis 75,18.
19. 20, 20, 2.6- 13, 23 paludibus, 107, 3. 148. 14 parietem 114,11.
995- 19,18.100,18. 189,1.120,18.170,19.180,11 pariet-e
191,8 04,16, 176,17.173,3 parietes 21,
paluster 75, 22 palustria 10,3. 123, 28. 38, 23. 33, 11. 40, 14. 99. 46, 20.
25 palustri 108,90.35,15. 130, 52, 15. 53, 19. 69, 99. 75, 14 88, 16.
14661661166136816166111611116,108,7,11,152,3.167,16,1685.
513 26 1161116 ribus 198 20 57, 12 175,8.997, 19 parietum 7, 4. 91,
πὰ1(111’166116116161116)11. 1111 61236, 10 538, 25. 18, 6. 17. 10. 24. 52, 753,
’1-116611616116162,24 pandationibus 11. 99, 3. 88, 27. 34, 17, 36, 18, 03,
164,12 18. 19. 1099. 140, 19. 144, 7148,
11166116 pandunt 58, 2 pandabit 11. 162, 5. 12. 21. 179, 18. 211, 11.
152,15 pandantes 159,9 264, 24 parietes 34 15. 16. 31. 47,
21161166 pansas 66,7 pansis 66,1 41341117. 53,3.48,11.199,13.
pandus pendae 58,13 101, 7,102,4.106,16.10,7 18122,
Panionio *85, 15 19. 199, 5. 149, 99. 94. 143, 19. 170,
1111111112113.222-” 434 ²4 11111111 44
pari) parem 16, ι.’*66, aa. *111 ιι ,66, is 95 ',ms 6666166616,
pari 3616 6616614313 paribus 6146, 13. 198, 26169, 11. 99. 180,
6426621. 117,1. 121,23,141,4. 16211, 15
13149009014149951939, 1611114616 pariturast
9- pariter9, 3. 56, 99. 999, 2 141 ἰιι-1116111611 236, 18
248,13.267,14 paro parare 981,19 116161ιὶ132, 28
n:aamaipaplrlrre (paredromidas) 198, paratur 275, 91 parantur 38,11.
0
Pair8e491190l 195, 7- paraetonium 1113111511 6191880122 122111124611133, 23
176, 18 paratae sunt 243, 21 parati 11116

 

