..21-

6111111111.1611111111111, 111,1. 17 cnodacas 250, 5. 1. 15
1111111111- 1111111133 cnodacibus 110, 10
· 11111*111,11-1..111190,16 311131111111111 133, 14 coagmen·
-citreae *111 18 tationibus 58,5
citro (ultrocit107111,8 coagmentet 11109, 16. 19 coagmen·
ciuiles 174,8 1111160,1.161,16178,1 1113-
1111111111. 160,11 1111111111,18. 111111111 161, 2 coagmentatos
132, 5 oiueel, 3. 1, 7. 110, 12. 111, 101, 11 coagmentatis 111,1
11 11111111, 3. 11, 19. 81, 9 cini-*coagmentum 111311111147,16.116,
bus 4914. 63, 11. i7. 145, 25. 212, 5. 161, 6109, 12. 16 coagmento-
13 1111130,10.11,10.11.111, 10 11111419. 164, 1. 161,3 coagmenta Ἴ
*ciuitas 1, 12. 4, 11. 30, 7. 31, 10. 39, 39, 11. 46, 22. 47, 25. 91,1311.,111
148111.11114101111011. 21. 154, 25. 155, 8 coagmentis 48,
2193 111111111301.3’1,1.41,’10.1ο.130,16.111,18
11,11.108,3.116,18.181,1 1111-111311119610
tati 52, 1. 174,15 1111111111 10, 11111111111(1ο11111111)*181,4
25. 32, 5. 20. 103, 25. 138, 10 1111-1103111110138,19
1111115. 19.13,11.84,11.131,.1 1011111111 14014
194,13.101,9.114,11.131,11-11111111164,16 111111111111143,
2425 1111111116711.81,11.171, 10.161,13 coaxatione *21425
21. 184, 18 ciuitatibus 51, 7 63, coaxationibus 105, 6. 163,9
14. 111,9.114,1313 174,297137 coaxatum fuerit 164, 11 coaxatae
ciuitates 19, 8. 85: 4. 104,11. 111,8 11, 14
ciuitatibus 111111,11111111113111 117,11.138,11.160,11 co-
11111. 1111311. 111,1. 111,1 eleum 111,1 cocleae 255, 20. 259,
clamabat 111,1 c cocleis 111,11. 111, 11
1111111111131, 14 claritatem 8 8. 3111111111 184, 11
110, 14. 111,1. 137 ,1,1) claritatencoctnrie 178,11
111, 18 (1011111103191111111111)
111ωέ11111 111,1 clariore, 11. 11o>coenaeuloru1i1 52, 74
11 1111111111611-111111111111 1111 111111 41,1 11111 37,16. 43,
1111, 11. 220, 23 11111111. 111,1
11111111 11, 9. 11. 16 clance 51, 7. 11. coepi 2, 9. 118, 19 coepit 85, 27. 111,
11111 111. 111,111 coeperunt 11, 27.
clathrata ¹⁸99, 3 34, 5. 36, 11. 81, 14 89, 1. 181,16.
*111111131,13.131,8 18310 11111111131111163,
1113111113 16 coeperint 14,1
*clauus clauis 111,11.1111111111111111 111111 c'oet'us 11111
8 169,19.114,16.167, 1 1113111111 11, 1. 163 9 cogitationem
Clazomenae *818 111, 10 cogitatione 114.1ο3111-
0111111111111*131,19 Clazomenio- 1111111113 cogitationibus 54,
rnm198,9 9 11311111111131,13.103,1.10
Cleobiue u. Ctesibius 137,11. 138, 9 cogitationibus 1, 6.
κλίμα (proepanoloma) *13111 1111· 7. 15, 2. 51, 7. 55, 4. 9. 131, 11. 116,
ματα<111111111 5, 21 1 *219 14,169, 9
κ111111111111171,1.3.11 climacida4cogitatum *143 11 1031111117, 13. ·
271, 18 111111, 11) 111,1. 158710. 1139
χ111111111116,13 11611 (113111111119,11)
Clitorii 10318 cogito cogitant 37, 30 cogitabant
(oliuanus 177, 1) 11111 1111111111. 11111
ι1111111111,1 11111 108, 11 cliuum 11311111111181, 10
208,19.2oo, 17 1111114314 113111113313
χ1111111114 1 cloacarum7,' 1 1111- -1 cognomen 157,17
1111114,*710 cognoscunt 8,3 cognoscet 163, 7
(cluduntni 171, 4 1111111111, 221 113111116910113111111117,11.
cnodaces (btrcseutperchod oatcod.) 191, 8. 110, 11 11311111118,18.

Ι

 

