- ἢ -

189, 1. 199, 9. 919, 9 -— naturae
196, 90 1111111191111799. 18,98. 105,
18. 118, 90, 139, 9. 940,9, 971,11
1191111110, 90. 19, 98. 14,,4 10, 99.
39, 9 11. *38, 14'. 37, 6. 97, 99, 21.
46, 10 00 1. 00 99 09,0,0,.497

090099οΜΜἉο
119,17.18.9901’3.140,99.147,13.
15. 19. 90, 103, 19. 19,164,90. 100,
4. 170,17,180, 90, 907, 9. 90. 909,
10. 911, 11. 973, 90 110- 1111108111
*113, 99 (1111111011) 139, 97. 981, 90

'mnnmnwnmwwmmmwmmaemmmm

'amnmfflnmwmm

193, 30189, 0

11. 19. 100, 14. 199, 99, 198, 19. 11110111οε111 16,1. 123, 90 nebulosum

192,13.209,1.5 91. 903, 99. 217,

187,18

10. 218, 5. 919, 12. 18. 930,10.931,1190 4,Ῑο 0, 0. 8, 9. 10. 11. 12. 11. 15.

010910109091918
900, 10 naturae 18, 8. 138,13. 191,
11 naturas 18, 2. 139, 24

naturalis 13, 22. 111, 13. 19, 99. 919,
0,939,18 naturalem 199, 8. 194,
1m55mfflnmm55
23 naturali 55, 0. 104, 15. 135, 23.
10, 90. 17, 12.- 17. 45, 8. 09, 21. 100,
90 158, 90. 1844. 910, 98 119111-
rales 5, 24. 910, 91. 35, 9. 5,22. 15,
99 .33, 11. 178, 19 111111111011111110,
18. 36, 97. 939, 18 naturaliter
19, 17. 32, 17. 42,7. 49, 24. 00 90
191, 0, 190, 1. 134,21. 182,3. 185,
24192, 7. 190, 18. 900, 0, 9178.
919, 11

0111111181114111011111111101119,

4 1111111111ο111111 130, 99

(naufragio 131, 14. 90

f-nnnicnlae *911,1 nauicularum

nauigationis 265, 98 nauigationibus

1111111311 nauigantes 263,11

suauis 231, 2. 254, 5. 255, 17. *19, 21.
n½.5m55,5mm54,
17 90, 904, 94 11911190ομ ‘³ 279,5
naues 131, 6. 283, 0 (longae) 979 9
nauium 122, 0. 131, 0, 949, 24. 275,
15 naues 51, 21. 128, 24. 129, 9.
mmefflwQO'w.
&mmm

1. 1111 (necne) 193,17

2. ne c. com'. 1,8. 7, 7. 9, 5. 10,8, 99,
0000101000
rmemmnfflwmw,
17. 119, 3. 125,14. 152,2l. 1651.
174,14. 175, 5. 180, 9. 10, 181, ’14.
907, 10, *911, 0. 930, 7. 250, 2. 251,
1Μ9Μ1ΜΜοΜ,
11111111-111111199,1.83,0.100,9.
107, 9. 109, 15. 154, 5. 25. 157, 5.
170, 3. 9099- dum115119 5. 147,
90, 166, 20- ne 0111111111ηο 18. *79
18. 100, 97019. 80 1 114,14. 117,

1811, 40111. 14, 10. 1675. 16,15.
21,15242555.32,12.33,18.*19.
41, 19, 43, 19, 01, 3, 00, 9. 90011.
511109191960910041396117-
90, 9. 103, 16. 109819. 113, 26.
118,23.l45,16.151,14.*155,12.156,
418. 161,13.164,5.167‚3.12. 108,
99.170,94.117,1901”1.184,7. 187,
98. 191,18. 197, 99 011. 904, 91 bis.
908, 99. (911,0,) 949, 3, 901, 1. 980,
13 nec - quidem 104, 0. (43,
97) neo solum 40,16. 198, 0. 943,
5-necnel73,17

nec - nec 97, 93. 71, 10. 78, 91.
87, 97. 90,8, 111,4. 14897. 10091.
180, 10. 189, 24. 171, 8, 179, 9. 118,
1.179,7. 199,19, 199, 6. 909, 90.
993, 9. 938, 1. 989, 18, 989,1
1111111109,10,,.9160,.,,179999,7,
93,.1949130,19,39,10. 37,10
01138 1246381213 40 4.
17. 18, 97, 17. 48,2. 49, 90. 04,17.
08,10. 09,97. 63,19. 84,8. 11. 89,
7. 90, 6, 99, 9, 10894. 109, 4. 118,
8191, 9. 199, 8. 193,·10. 140,·17.
149,1, 10911. 103,9. 180, 8. 173,
10. 177, 18. 189, 7. 11. 1999. 191,
91.99,900,1,13011910,18. 993,
4. 931, 99. 949, 13. 90. 900, 90.
903, 8. (16.,)90919, 969, 0. 97810.
980, 06- neque solum 2038 · ·
neque- neque 14, 9. 16, 1. 90, 7.
99, 16. 39, 9, 49, 21. 45, 22. 63, 94.
111,1,131,90.199,3.140,18.149,
4. 158, 8. 108, 819. 177, 93. 199,
18.900,17909,8.911,18. 18943,
17, 940, 17. 948 ,.<4> 983, 13 ne-
111111-1191160,10.76,18.173,19,
184, 19, 199, 17. 998, 9. 909, 14
nec— neque 9497 neque- et

'Qffimm
necessaria 194, 90 185,14 necessa-

rium 64, 91 necessariae 10, 7. 69,
4661ss 1111100114111111,
191,8. 139,Ιο 140,18,184,17.

6*

 

