..13-

atam, 21. *9, 13 31, 33. 66,.3 6336116161 pl. 184,9
16. 91, 6. 133, 6. *176, 16. 176, 7. 1616666168 133, 31 audacia 133, o.
173, 23. *333 7. *3434 344,7
1116117318 6116611836 audax audaces 280,8
Athenae Athenis 25, 3. 36, 19 49, 6. audemus 168, 16 6116666611, 6 ausus
76, 11. 161, 31, 133, 3. 153,23. 153, ess 174 22
6.180,13.161,13,178,10.19317. audierit 3,14 audientium 116, 6
318, 31. 233, 11 audientihus108, 10- 6161111169,
Atheniensis 63, 36 Atheniensem 281,. 21. 131, 18
3Α111661661166 84, 34. 183,16-361161116611111 37317
13316 Atheniensium 133,17.33.κ61161161 183, 16
Atheniensibus 173, 17. 87, 3 Αι1661166*178,30
Athenodorus *33316 61611661118,13 6661111161 31, 36
architae 111, 11 1'1.1ao,so.·212‚'1s auertere 111111 (auertendum' 1;,1
616161616111166,16.317,16 611116- 18) auersus 125,1 66611618, 30
111 313, 6 athletas 138, 30 146,1 1166111187, 36 6661166339,
Athon 31, 34 19 611616113316 ·
11116611661161,13 · aufert 189,17 661616113319 au-
Atlas 151, 7 61166111191, 9 Atlante ferens 13318
⁸190, 17 auget 223, 21. 337, 1. 36 auxerunt
6111161116 *151, 7 6,11 'augentur 81, 14 augeretur
[6161661673318 . 103,5 6113616138 auctum esse
atque u. 66 8318 augendo 17, 33, 1331 au-
estrumentum180,19 atramenti 180, gendum 1161616614 augenda
13. 21. 33 6116616616 171, 9. 180, 3 34310 6661111316, 10 66616313.
„atrii 140, 9. 141, 10. *31. 23. 143, 8,17 auctam 33,13.115‚5·auoto
11. 16 aeno 1111 atria 142,1. 1611, 11111 auctae 31,ss auctas
111, 11. 11. 1161816 atriorum 11111316
1161161181 142,10. 1131. 1161 Augusti 101,3

Attalus Attali 86, 11 - reges Attafauis 339,6 auium 18, 3. 4. 199, 34 ·

1161 1637 1. Attalicis 49,9 fauiae 119,11 aulas 16319,
6116111 erata est 369, 37 61166661 188,11
attentio 336 61166661*18,3 ahten-*aurae 16, 3. 37, 17 aurarum 17, 31.
66166134310 attenderem 1,3 38,1.108,19 6111611334 auris
attenderit 110,33.116,6 61166- 333
6616 38310 attendens 31491, Aurelio 2,3
13. 217, 9 61666666166111 316,11. 3131317
Attiou 100, 31 (auricula oi. Gal. 339 ,1)
atticurges 77,11. 19. 96, 18. 98, 34 *auriga sidus 33311. 13 aurigae 338,
Α111661Α11166176,9 Attici 80, 36. 13 (aurigam 338 ,17)
183, 34 61116661 183, 19 αὔριον (aurion) )*23,4
attingimus, 10. 3334. 131, 13 611 11-6 *auripigmentum 173, 33 .
66111339, 1 6111636696, 7. 361, murmures 318 aurium 230, 18
attollens 230,3 auribus 108,13,111,8.131,4 eures
attribuerunt 86, 7 attribuantur 99, 3, 7. 18. 109, 8. 110, 7. 13. 131, 18
16 6116611161613116 631166-66166111,1 7.184,18.194,.6 316,
tae sunt 337, 6 ·. 13 auri 177, 30. 178, 5. 31316
1661111161,11,1’1,61 ’ 6616 316,16.318,4,19.338,1
fauctorem 8313 11319 auctores auster 33, 31 190,4 6611113613.
304, 7 auctoribus 1631631313 3310 ’6611161116 36,11. 13.
,1666161116183361036 6116161116- 37, 9. 39, 18. 19
161113, 36. 73, 1. 22. 73, 1. 81,11. 6661111161 33318 austrini 231, 13
16336,111,18.164,17.161,16. 61113,11.6,37.7,1. 3, 1411311113,
163, 4. 175, 5 auctoritate 3,3. 11, 23. 13, 13. 1314. 19. 36. 33 *his
, 613361731936610111318631816,.8 17, 33. 18, 18. 19, 17. 30. 36,
13.,.,114638,103,4 36.33,11.,.’.,.,.;3336361936934

 

