..61-

10001000000οωοῃ0
mmmfflfflhmmmffiwme
hmmm3hmmw 00010001Μο001
1100 175, 8 6. 187, 9
*humanitatis 33, 11. 50, 22. 213,2=ianua·4 1492 ianuae 149,4 ianuis
humanitatem 36.⁷ , 1100 ianuae 149, 3. 29. 139, 3.
humanum 203, 23 humanae 201, 23. *1512
*1010 101111110011 hamanis 010,1.1011001,11.00,10.10,0.
ηωηυηηωωηη 0000000000
··humidum u. umidum 57, 18. 00, 1. 20. 85, 4. 14. 89,18.
humill 33, 11 humiles 11,11. 101, 0010.101,11.100,0.1-11,10.111,
24. 13,17 6. 118, 8. 121, 13. 128,18.129,22.·
humor u. umor · 130, 5. 17. 131, 7. 18. 137, 22. 139,
λωὼώηωωωωώ 001οωωο000
*mmmmml 1mwwnmfflwm3
(mmmwm1' 100000οω00

hydraulicas 0, 10. 101, 11 (hydrau- 13. 101,1,10. 101,11.100,0.100, ·

licia 231,1) 11. 101, 4. 22. 100, 0. 00. 11. 100,
-hydraulus hydraulis *231,1 11. 110, 11. 29. 213, 0. 11. 110, 0.
„hydria *1001 228, 9. 100, 0. 101, 13. 233, 2. 101, ,
›lhydromylae Turn. 257,11) 13,15. 217,14. 218, 211. 251, 23.

Hymettum 49,3 *100,10. 100, l. 101, 13. 11. 101,
hyyfgghfgafllss{1}{fighyyalafigffie-icfflgsdnflgglhffl 10

11110’13,1 111000101011001. *150 ‘ichnographia 11,'23 010

27 0100011000 124,2 hypaethris (1010 40, 7)

123, 26. 29 Ictinos *150, 3. 131, 10

Hypanis 190,13. 193, 24 Hypanimyllde'oet (ideae) ll,22

110, 10 ilem131,9.222‚3.233,13(13921.190,

haam (hypaton) 11011- hypate 14. 233,3.11. 233,3. 1011) eadem

112, 11010. 113, 0. 1. 0 hypaten 00,1.100,0.101,0. 100, 10 idem

113,231‘3 hypaton112,1l.*21. 11. 1010 eiusdem 3,12.2l.23,

*22 113, 0. 13. 23. 11 hypatas 10100.110,10.110,11.100,10.

*100, 10 101, 11 0110000011100010,

1010011001 (hyperbolaeon) 110, 10 10. 10, 9. 22. 39, 11. 01, 11. 00, 4.
- hyperbolaeon 112, 19. 113, 2 12312. 111, 11. 101, 11. 29. 143,
hi9.114,21.113,12. 10, 11 13. 133, 11. 100, 11. 100, 13. 299,

(hyperthyridos 31'. 2311. pro 11100111 1719. 238, 8. 262, 4. 265,0 ean·

ww 1000000000
«agga... ⁹⁷¹ ¹⁴ hyperthyra 13¹ llll· 31²3 lll 9131·
„lhypehi 0011 hypelra 93, 4) 1.1100.111,11.’,101,1οΪ10’0,1οΪ
-11000010111100010 hypocausi 2821010 eadem 13, 10. 13, 13.

mm 0000000000

hypogea 131,23 *00, 0. 100, 1. 110, 1. 119, 23. 133,
laoooylaov <hypoaeollon)*233,1- 19. 100, 0. 100, 14. 133, 22. 11010,
*hypomochlion *233 13 181, 1018224. 187, 7. 18021211, “
lhypolhyri ol. loe. 93, 22) 1. 213, 13. 1011011. 11110110,
nhypotrachelion 01, 24 0100110000- 20. 238, 18. 217, 3. 210, 23. 230,13.

hum199,9 hypotrachelio 91,29. 10. 101, 9. 233, 3. (10010.) 10111.

100,5 hypotrachelia 82, 3 11100- 19. 258, 19. 264, 1. 272, 15. 211,ιο

1110001110 71,8 281,18.282,2 eodem 45,4. 175,
«0111110001Αο , 11.198,2.213,14.11.231,24.233‚

17 0111010212,12 0001101044,2.
11001110101100111010,11.100,10 *101,11. (101, 0)*101, 10 oedem

iaciunt 104,ss laotos eal 104,3 43,19. 100, 10.101,11. 100, 11

 

