-53-

habuissemus 245, 3.14 habuissent habito habitant 1111. 196, 4, 205, 1 .
88, 24 1111111117,14.41,25.65, habitantes 1111398 habitan·
8. 79, 24. 94, 15. 99, 9. 101, 13.108, dnm 49, 10. 59, 91
3. 113, 5. 141, 1. 111, 5. 11111. andriani 11,1.11,1
111, 4. 11. 111,1.11.1ο1,11.1ο1, Hadriaticum *11, 11
1(11).111,11.111,1.113,11 111, haedi (sium) 111, 13 · .
18 habuerimus 129,9 11111111411111118820 1111111168,1.209,18
13,16.*21,1.63,6.163,22. 173, , haereant 248,11 haerens erit
22. 207,11.208,6 1111111176,9 165,6 haerens 155, 28 haerenti-
hnbeatnn 11,11.11,11.11,11.11, bns 111, 11
1. 41, 3. 101, 11. 111, 9. 152, mahanaim 111,1
haberentur 60,13 habebitur 26, Halicarnasso 49, *16. *24
. 13. 73, 11111, 19 habita erit 13, hamuxopodes u. amaxopodes
, 11.15,19.165,22 1111111111Η1111111111195,7
80,9 habere 1,11.2, 15. 3, 19. 7, (1111111111 pro amussium 25, 18.
25. 8, 20. 10, 11. 21. 24. 13, 0. 23, 5. 20)
11. 23, 8. 32,12. 31,11. 1111. 11,-11111111 11, 19. 111, s. 111, 23. 181, 3.
11. 11, 9. 53, 20. 55, 20. 51,5. 11, 111,1.111,11 harenae 14, 15. 11,
11. 613-19. 111111. 11111. 3. 41, 3. 3. 3. 11, 1. 11, 11. 11, 11.
11, 1. 11, 11. 11. 94, 11. 111, 12. 111,1.11.111,11.111,11 ant. 41,
115, 20. 111, 20. 122, 22. 129, 4. 18 harenam 41, 13. 130, 8, 283,4
111, 23. 139, 9. 111, 11. 111, 1. 4. harena 11, 1. 40,1. 44,15. 11, 11.
111, 5. 111,11.111,11.111,1.111, 11,1.111,1.1ο.111,1. 111, 11. 11.
1111111.111,11.11.111,1.111, 11111, reas. 111,1
16. 19. 178, 20, 188, 7. 184, 8. 12.*harenarium harenaria 49, 9. 43, 25
187,12. 18. 188, 0. 7. 189, ,15. 193, harenariis 40,18
5. 199,13. 204,16. 206, 11 011.*16>111111111111 169, 3
18. 210,14. 217, 24. 218, 3. 9. 228>harenatum 111111. 16922 harenati
8. 224, 1121221, 11. 21. *111,11. 107,18 harenato 167,22.170,2.20
245, 18. 248, 17. 254, 6. 275, 13. harenosa 43,21 11111111111207,19
276, 21. 279, 3. 281,14 habuisse harenoso 38,l
43,7 habiturum (1111. esse) 202811191209132 (armoniam) 111,11
haberi 174, 9. 275, *11.*11 ha-bharmonia 111, 22 harmoniae 111,
11111111111111111111,11.11,1. 16.115,8 11111111111186,13
243, 2 habens 46, 29. 50, 3. 56, 4. harmonia 113, *5. 7. 115,16
20. 22. 92, 29. 108, 25. 144, 15. 153, harmonice *110, 10 harmonicen
18. 11111. 111,11.111,1.111,1, 110, 14
111, 1. 193, 3. (111, 11.) 111, 12.*hunpnginemlns n. nppngineculi
111, 1. 111, 11. 111, 11 249, 11Νὰ1111111 (1111111111) *231,12
' 111, 1. 11. 111, 19. 21. 234, 1. 11. mundonem harundinis 11111.
265, 4. 16. 275, 24 habentem 147, 196,10 harundines 186,14 ha·
4. 275, 3. 279, 21 habente 250,15. randinibns 34, 17. 35,12. 159, 21.
*1111 1111111111, 2. 51, 11. (11 23. 181, 4. 111, 11
1.).11, 11. 11, 11. 11, 19. 111, rubuanapieiuns 1111
108,18.119,14.127,10.136,18. hustansobam u. Astansobam 0
143,18.150,8.1a152,20.155,3. haurit abael haurire 73,7 han·
188, 5. 172, 19. 173, 7. 8. 175,19. tiendo 1811125113 haurientes
*ala 1211112111.11121259, 158, 14. 257, 8 hauriendam 255,
21. 265, 1, 267, 6. 276, 15 habentia 24. 259, 15
115,12.146,10.259,4 habentibus (Hector 111 liegetor aut egetur
256, 5. 261,7 habiturum ece. 111. 277,19)
2, 13 *hedera 188, 18
*habitatio 1,2 habitationis 34, 80 Hegesias 204,8
habitationes 140, 27. 35, 13.52,19. Hegetor *277, 19

27. 205,16 habitationibus 2619 (Hegias [111. 63, 20)
habitator habitatorum 16,6 (1111111111 pro Hellenos 1110)

 

