,53-

1110111ηο1566. 110, 23. 111, 7229, 15 210, 18 fontium 186, 16. 188, 6.
910131101208,6 1160161111 113, 20 191,18 193, 5. 16. 2011, 1. 209, 21.
1110 01111 111, 10 204,2 101111 73,7.189,16. 191,

mmmmm' rfflmmmmmnmm

1111111 flexu *230,6 204,14. 905, 1. 210, 24 fontibus

mmmnmmmfflmmormummmmmmn
mmmmmmmmmwmw

110111 179, 19. 13, 5 10111111 199, 19

6011111997 10101101917,16.918,1011101111 197, 1. 909 9
11151114 1011111 3396

florida 13,6 floridos 919, 94 4011101940, 90. 941, *7. 11.14. 22.

-110610112.111,4.194,15 11011917,9611965,16911119701.
93 1101011 101, 19 flore 160, 98 261,17 oco. 940, 19. 941, 3 948,
11011187, 24. 173, 14. 46,9 floribus 1. 265, 27 266, 16270, 16 forami·

182,18 1112661231315016.16171919.’Ι

, *6101114291 occ. 199, 95 fluctibus 90 967, 4. 7. sois. *10 111416.
130, 8 17. 19. 20. 2123. 208, 3616. 269,
-1111111011 199, 10. 192, 23. 194,24. 196, 29. 270, 10. 12. 1311401915. 17.
2. 13. 196, 24. 231, 14. 16,& 176,19. 20. 24. 271, 2. 7. 8. 10. 13. 17.
26. 19111117 1101111111 19, 9 32, 19. 21. 23 foramine 12, 21. 246,
rmmmmmmmmn1mmmmummmm
mmmmmmmmmoimmmmmmnmm
mmmnmmmmmmimmmw-mmmmns
mmmmmmmwmonmmmmffiwmmn
10 fluminibus 27, 17. 40,10. 189, 2610. 17. 21. 263,1. 272, 10.14.
1. 267,6 276, 5. 283, 26 foraminum 4l,27.
fluo fluendo 111,ι1 fluens 11,11. 11,11.11,13.101,*1.10,11 111,
109, 20 fluentes 185, 16. 139, 17 2. 4. 6. 10. 12.*14.16.17.19. 22. 24.
mmmmm-mmmm mmmmmmwmum
„focum 146, 93. 147, 97 971, 1. 7, 9. 19. 16. 18511, 22 1011-
-101111180111, 176,10 minibus 261, 10 abl. 41, 23. 262,
1ο(111111*197,4 foditur 171, 14. 175, 21. 264, 6. 265,14
24.176,16.24. 177, 36 179, 99. -forensibus subst. 145, 93- 10101111
181, 20. 196, 6 1061111111176,4.7. 63,7
194 7 fodiatur 40, 9. 75, 99. 185, -1016011 94619
95. 186, 96 100111111191, 9. 75, 11. 10111911. 98, 99 1011119811 forum
194, 4. 130, 18. 907, 16 1011111111-*11111 1010194, 93
tur 176,11 fosetis fuerit 205, 4 10111111 *75,8. 77, 4. 30,5. 94, 1. 166,
fodiendi sunt 187, 99 fodore 34, 14. 915, 7 269,19 formae 16, 96.
6. 210, 19 1011181100 283, 10. 16 32, 3. 7. 84, 22. 87, 5. 90, 27. 270, 3
fodionilum 977, 19 fodientes 210, 10111111 94, 6. 166, 7. 923, 5 1011111
mfflmmwffls nmmmmmmm
“1011111111*58,94 261,6 1ο11111918,95.979,5 101-
«1111111187, 19. 96,6 10110 87, 19 10111 marum 11, 26. 121, 90 formas ⁸²26,
mmmmffimmmmmrmmsmmmmmm
13, 8. 60, 18. 173, 4 ,1101111110 105 13 1ο1111110111139,13
..follei 246, 95 formationes 69, 9 formationibus
-Fonsfonti 13,—6 1011150, 26. 195, 84, 16. 99,5
17. 199, 1. 5. 24. 202,.3 905,.’3 1011- formicae 223, 21
1115011. 202, 5. 907,15. 931,14 1011101011111131941011111111151,
fontem 50, 7. 17. 199, 7. 901,1.4 8 formantur 141,1 101110111187,
10110 195, 9, 199, 6. 905, 11 fontes 26 formata 011 108,15 formatum
13, 93. 49,13. 43, 5. 15. 44,9. 193, est 107,6 formatum osso 1395
94. 179,17. 185,16. 19910. 1719. formatae 42,19 formatus 86, 28
24. 193, 91. 194, 7. 195,10.19.19. formosos (formonsos) 90318
mmmmmmmnmmmmma

 

