..43-

238, 13. 239, 1 egredientes 200 6 elucet 230, 2
0310000 100, 12 »13331001001101001 01,18 00111010
0310310060,12 0310310 62 26 0310- 12, 20
31011132, 7. 19, 18. 67, 6. 111, 17.*011111011 260,6
166, 8. 202, 12 egregium 32,18 emendentur 92,18 emendandum
0310310 188, 10 176, 13. 186, 6. 0111 131, 28- emendatus 12, 21.
203, 20 0310310 pl 4410 egre· 121, 10 0100011010 16, 22. 161, 20
3100 61,1 egregiae 1,11. 6,11. 0000001001 211, 9. 212,1 emen-
12,26.62,27.67,10.103,3.121, (1010111211,13 emendatae 91,11.
21.169,16.203,17 egregia 119 22 121, 21. 116, 6 emendatis 213, 17
egregiis 168,12. 202,22. 60,1 - - 0100011010 61, 21. 268,9
- 0310310 16, 1. 19, 8. 63, 18. 72, 20 emergit 27,18
1031000001 262,11 03100000 000. 204 ,1001010110 001101. 0111010001 283, 11
2. 231, 21 262, 10 0011001226, 26 0010001220, 22 0011-
l<eiectio 21, 16 nebant 1326 eminens 160,18
01011100, 1 eicient 109,5 0100011101 eminentes 06,26 00017211 0011-
60,11 0100100001 86, 12 0100100· nentia 2311
1111212, 21 eiectus 131,11 0100100001001011010 283, 18
001110 emittit 100, 20. 1110. 100,1.102,10. .
0 eiusmodi 1, e. 20, 1. 11. 22,20. 124, 101, 10 emittunt 20, 0. *1000
10.101,01.101,10.100,10.10111.10111111*101,11 emittet 100 01
203116 - 01110 010111 160, 26. emissae 0101 *178, 12 emittere
171,23 83,3. 180, 10. 211, 8 emissis
*elaeothesium 127,17.*18 13313
101011011010121,11 0101101100 262, 23 0010 emere 20010
relectio 15, 21. 28. 30, 1 electione emoriuntur 68,1 001011 66,0
121, 10 Empedocles 1811
elegeris 11,20.16,21. 10310 ele· *eneruem (enplec on) 18,7
gentem 182, 26 eleganti 173, 21.(110110111101 32 18. 10, 26 emporio 30,
176,1 elegen 00 166,1. 173, 21 10 emporia 129,6
010300101316 0103011100 131601011001101001 (00 3010010010) 8, 26
211,10-010311011010116,21-’0001010131,26 enatantes 13017
0103110101 23, 20. 16, 2. 160, 13>encerp2 encarpis 86, 7
178, 21 ¹ 1100011100 230,1³
1010301600116, 21 elegantiam 103 encyclios 7, 26 encyclio 132, 21
36, 17. 87 2 elegantia 86 12 010 ,00316010 11. 0113061110 ·
3011110011,16 · 0111103,..,...,..11161019236187,
‘Elephantida 191, 6 2 .26.8,9.16.13,1.1.16.11,1.16,
0101101268, 16 eleuare 263, 16 ele· 3. 11. 18, 1. 23. 10, 0. 22. 21, 17. 22,
uari *2002 7. 12. 31. 23, 721, 2. 26, 18. 20. 31,
0111101100 · 10. 00,0.00,1.1.10.10,10. 110.
elidere 111, ie 11,10.16,17.10,20.11,112010,
01131101 369 01 mue 18, 21 011· 22. 19,21.23. 60, 10. 2628. 63, 7.
3001 201, 11 0130101 2015 eli· 21. 26.61,2,11.66,12.67,10.62,
3111010016 eligant 1101, 22 eii· 21. 05,0.0r‚3.ee,1e. 11,1.21. 12,
31111 101, 01 eiigenlur' 13, 24 18. 23. 10, 20. 101. 10, e. 11. 20.
electus eil 121, 2¹ electus fuerit 222. 1011. 0010. 0110. 0111.
100,10 eleetee suerint 20, 25 eii· 00110011. 10. 20. 22. 00, 3. 12.
30111100 001 108,11.126,1 eligenda 02, 15. 06, 1. 96,17. 100, 11, 101,
eei ³⁰‚5 eligendi eunt 101, 22 23. 102, 0. 1001000101, 10.
eligendae eunt 100, 28 eligere 101, 1010011101001. 110,
18, 21. 62, 9 eligendo 280,11 12. 23. 111,1.113,1. 26.118,8. 27.
ele’etis 110’, 24 121, 4. 122, 21. 12116010. 1201.
*ellychnium 00013011011110 126, 0. 120,1. 131, 17132, 18. 133,
. 0103101601100 0113111600οΛ 10 101, 1. 100, 1. 100, 1. 0. 111, 1.
Elpias (11111111) *00, 11 0111, 1011. 1101. 1111000.

 

