.. 84,-

244, 20. 262, 9. 260, 19 1666116.- nimirum *11616
subet. necessariis nimium 119, 6..211, 7. (216, 10)

riis 11414 -

132,4 - necessario 83, 8. 152, 25. nisi praeced, 1696116116 14, 4. 30, 22.

161,16.116,11.11.1,11
neeesse 611 6, 21. 90, 29. 9412110,
16. 116, 10. 11111. 16116106,
16.11.161,11,116,11 sit 11616
6111111111611 erat 16116
1161111203,14 uidetur 246, 24
1166611130,23 1116111280,4’
111666111111 46,’8.108,29. 1192163,
3. 164, 14. ’220, 2. ’243,8 necessi·
111111 10, 24 63, 2. 260, 21. 266,3
1161111111 *64 ’14. 86, 30. 103,1’6.
166,10.111,11.11.111,6.116,11
246, 3 necessitates 133, 1. 139, 26.

32, 6. 49, 2. 69, 4. 192,17.133,2·2.
1346138211146,11.14626180,
13.’194, 22’. 107, 15. 199, ’19. 212,
19. 223, 111461016111161, ’
232692- nisisi 106’,28. 168,
18191, 19--11116 6611116. 37,
Ι11 40, ’11. 61, e. 166, 16. 11616.
182, 16. 200, 22 6. coni. imp. 166,
13. 198, 5. 260, 21 6. 6611111611.
334166, 18. 246, 1619 61611,
1611112628671182210
18 62, 16 06, 7 71, 7. 109, 24 151,
21. 173, 21 181,-0 1166226316

180,4186,1.204,18 16661111111· 61111111 in genibus ”229, 10
bus 144, 9. 180, 16 niteo nitentia 169, 6. 224, 4
11666 11611111 283, 20 necantur 20,2 nitidos 1689 6111611661 - 1111-
166111111 6116 199, 21 diores 148, 3
11111161162,2111111111228,6’ 1111111111 18,8.166,.2
16311128, 6 negauit 90 22. 281, 11. 219, 24 meus sum11 0 11111 263 3
. 2827 negauerunt 90 20 163111-116111112841893116111*229’10
1111111111 177, 22 116611111611
Νι63611116111101,26232,1 negotia· nitrosum 194 3
toribus 1066111611 nitri 180, 28
16361161 negotiantes 107,8 -niues 188, ⁰
1111301161] negotiis 103, 26 nobilem 281, 3 nobili 60 4 242, 6 ’
Nemea pl. 212,5 nobiles 06, 22. 169, 20 ’1661111111
4161166, 26. 6, 20. 16, 16. 61, 3. 6313 Κ63, 16, 212, 5 69, 40317 214011.
90,.’2 134,’3 1661111111111,141141166111111166116111,116111-
12. 213, 23 111636616611
Nemori Dianae 101, 19-116116-111166111161611 9, 2. 32, 22. 63,13. 212,
ribus ee, 15 16 nobilitates 111, 16
nene (ne (1⁷.) 108, 23 1106611123, 17 1666161697 nocen-
Neptunins 1161 11111611 16611111161111.
neque u. 116 46,18.132,1.147,26.160,10.167,
1111111661 194, 12 13 277, 10 noceri 5811 106111
161106,.6269,.,62721 1161111194, 21361666116128176817 —-
11. 26119 neruorum 193, 21 ner· 108, 21 nocentium ’1313
16119410 1116611( 189, 9. 289, 4. 24
Nexaris 158, 21 116611011166,16’
1116112,1861119 11161 (111)*114 -nodus 281, 13’ nodos 55, 15. 155, 21
21. 23. 24 (161116113621) noluerit 41, 10 1011611111 69, 21
ni *160, 8. ⁸105, 21. (246,) 2. Nomadum 3190, 2 ‘
&nidos 94 '1 110111117619 nominis 58, 7. 102, 7
11361244, 24 1111140 4. 67, 3 nigri nomen 262, 6 nomine (30, 22.) 32,
171, 20’ 11310179, 20 nigrs180,2 20.158,8.1'10,22.100,19.104,21.
nigris 135,18 196, 18’. 273, 6. 280, 21 nomine.
nihil49,2.'12,21.115,18.133,2. 2510.103,11.25,1'5.20,20.115,
139, 6. ’.20 18318. 24312. 264,.6 19’ 208, 7 ’1011111111 173, 24
275,12 ni11110'221, 3 11611611116184,17.161210321
nihilominus 174, 3. 175, 12. 221, 3. 16111611611111’161,14’ 1161111111-
223, 25. 269, 12’ tionibus 88,10
Nilns131, 7 Nili32,18.1111, 8 Nilum nomino 1011111111 111,15.151,15.
96,11 228,4 1611111111197, 22 11611111-

 

