1
1

-lH-

mmmmmmmwm'

16’202, 11,207,17.247, 18. 263,
16. 267, 6 277,14 1111111111 11161-
11111 223,12 1111161111236,21
scriptae 11111 24, 14. *34, 21. *76,

110, 6. 226, 7 11111311167,4
1111111111 31,1. 64, 26. 83, 20. 212,
26 1111111111 1,69 21 1111111111 114,
23 secundos 249, 4. 6 1111111111

7 88, 6 143, 12. *148, 7. 249, 19 1111111116 2679

scripta 11111101,14. 114,21.129,.,11111111111127111-1111111111190,10 ’

24.171,1.187,20.276,18.276,12. sed 1, 11. 4, 17. 6,14. 18. 8, 1011.

277,6 scribere 2, 9. 11,6. 104, 3.
11ΜΜ6Μ61ΜΜ-
dum 168,16 scribendo 236, 6
scribendum (1111) 193, 26. 27612
scribendas 1111 10417 1111611-
11117,9 scribentes 168, 7 scriptus
60, 27 scripta 7,10 -· 190, 11. 1,
ΜΜΜΜ1ΜΜΜ66’
..1111611111 scriptorum 166,
16. 213, 4. 217, 12. 218, 10 sori·
11111611168,11,212,12-237,4

¹ 4111111111611116111111111

1111611111133,12.37,17.103,13
166, 1. 204 7 11111111193, 4 1111-
11132,26.166,21.167,11.18.
16013. 280,16 scriptis 10216,
123, 13. 204, 11. 263, 7. 272, 2. 273,
1112762280, 14

x scripturae 160,11. 2639 11116111-

ram 263,3 scriptura 28, 7. 261,2
scriptume 103, 18 1131113111,
ΆΜΜΜΜΜ

*scripulum 177, 20

sculpentur 13,18 (sculpendum 97,
12111. scalpo

·· asculpturi· 67,7

—acutula 269, 22 (1111111111 267,10)

11111111111*268,2 111113111111

-1111111111 scuto 21,13
secernitur 196,7
1111 11111 120, 8234, 16. 2ο. 236,
16. 16 1111112369 1111111144,26
⁶ secentur 163,4 1111111 264, 20
111111 26810
secretus 61, 2 secretam 160, 17 11-
111111 166, 23 11111111213,9
11111311111111
41116116111111
secto == 1111 sectantes *25³2ss
1111111111 11111.’119, 12 - 11111.
16, 7. 13, 13. 20, 16. 30, 4. 11. 46, 3.
47, 11. 43, 27. 78, 22. 23. 27. 66, 29.
1ΜΜΜΜΜΜ116
Μ1Μ1Μ61Μ61
Μ6Μ613Μ1
secundus 11111111 81, 8. 98, 3. 226, 6
secundum 87,19.111, 16. 11312
secundi 264,2 266, 22 secundam

111111611111111
11111113111363

16,.21616..,..,.29174618110. ,

1661161611
616ΜΜΜΜ161
611166ΜΜ11
63ΜΜΜΜ6611
mmmnu'unssna
111Μ1611Μ1
wwnnwwwu4uw
11.ΜΜΜΜΜΜ31
111ΜΜΜΜΜΜ1
Μ.1.1.6,ΜΜΜΜ6
16. 61, 16. 11. 11, 1111111. 11, 1.
1ΜΜ11661111
6661166116
1611111611111
1116611111Μ1
ἪΜ1Μ1Μ6Μ
1Μ6166Μ1ΜΜ
ΜΜ1Μ1Μ1ΜΜΜ
Μ1Μ11ΜΜ11Μ,
161Μ1Μ61Μ1.
16111611111611
1616111611116.
161611111Μ1Μ,
ΜηΜΜΜΜΜηΜΜ
ΜΜ31Μ16Μ1
16113161111111
116Μ1Μ1Μ616
1Μ1Μ11Μ1Μ11
11111111111611
ηΜΜἈΜΜωΜΜω
Μ1161ΜΜΜΜΜ
6Μ1Μ16Μ16
ΜψηκωμωΜΜΜ
161Μ1Μ1ΜΜΜ
16Μ11Μ1Μ1η
161Μ11Μ166
ΜΜΜΜΜΗΜΜΜΜ
1616116116111
1Μ1Μ1111Μ61
1116161111111
6Μ66Μ12ΜΜ6
Μ11Μ1116Μ1
Μ1Μ12ΜΜΜ61
Μ61Μ111Μ1η
Μ16Μ1Μ1Μ6

 

