„31-

21 - mortarium 132, 22 morto- pluo 8, 0. 123, 22. 124, 22. 210, 10.

rio 108, 2. 109, 8. 180, 18. 211,12 18. 223, 2. 250, 21. 204, 5. 41, 15.
mortariis 182,13 40, 29. 48, 29. 52, 18. 50, 8. 104, 4.
mortiferam 133‚13 mortilem198,19 133, 1. 100, 4, 20. 189, 19. 255, 0.
15100 more 13,12.33,14.351.50,10. 17,10. 70, 14. 21. 105, 27. 117,11.
71, 19. 84, 13. 80, 9. 91, 15. 142, 24. 23. 24. 120, 20. 142, 18. 22. 147, 20.
151, 17. 101, 11. 150, 3. 172, 13 170, 17. 220, 7. 253, 12 51515034,
mores 173, 10 morum 243, 17. 1. 03, 22. 13212. 173, 7. 187, 21.

moribus 217,19 150100 31521. 2158.135,11.13,1,1-150,14. ,

213, 2. 217, 13 moribus 30, 24. 83, 158,1. 220, 20. 283, 13. 4, 5 pluro
15. 04, 0. 0513. 00,1.150,4. 155, 3, 21. 11, 15. 44, 23. 151, 10. 05, 0.
2. 1151.15531451014511 1551. 1054 pluribus 511. 1,11.
emotionem 123, 11 motione 233, 0. 0, 4. 115151451510, 13. 1511.
202, 24 motionum 238,9 motio· 21, 10. 170,20. 25. 195, 9. 197, 14.
nes 1151. 1351. 151, 10 1151111- 200, 2. 213, 10. 113, 15 - soon.
nibus 19, 24. 123, 20. 200, 3 11101052513. 218, 4 pluribus 133,
inmun 23, 25. 252,10 motu *9,13. 11 pluteo 83,13 - 9151153909
200, 10 1501115252, 14. 121, 5. 243, plurimo 57,10 plurimi 13, 25 plu-
25.253,5.255,14.*19.259,10.275,9 rime 190,12 -00501, plurimum
mouetur 109, 21. 110, 24. 133, 14. 18,15. 45, 9. 21. 50, 4. 57, 1 plu·
243, 25 150555151110,2.113,3. rimo *1159
137, 11. 10. 238, 10. 213, 14 150- Mummium 113, 20
beentur 272, 7 mouebatur 275, 7.-15551155 219, 1. 239, 0 muudi 34, 3.
110, 15 1115111111 13511 mouere 13514103013513.13511131,
252, 24 moueri 2133 mouendo 6. 138, 1. 198, 3. 220, 4. 13. 221, 20.
’ 15511 1110111111*150,11 mo· 11541151311511.1315110,
tus 215, 25 moti 33, 20. 188, 20 2. 231, 23. 232,3.5. 24522 mundo
Mucio 09,20.101,21 130,2.224,13 505551512527,

muliebrem 80, 2 muliebri 80, 11. 133,3.*11.131,3.12.184,21. ‘³²²1

1555 muliebria 31,13. 1155 1111- 12· 2234 1111110113,1.11,13.131,
hebres 55 21.131,13. 103, 13213, 15110, 1.

, *111511010ωὸ50 515113103150,23 7·Ῑ9·22012221129221222311·

mulierum 150,0 234117 ¹ Ι ¹ Ι
muling 199,13 amumceps mumorp1bus 20, 20

municipalibus 59,4

mulllplfff {nnllipliffim ²⁶3⁹? , municipium 45 24 municipii 108'2

umnlbuhcutmnes 233,3 mulupuca? municipio 20:21 municipia 20:4
l¹⁰J1¹lf¹1⁸ 2¹31'16· Ι —- 204,15 municipiorum 42,9

1511111911οο mult1phoet1213, 24 mul· municipiis ,59, 19 .. 60, 12
tll’h‘v'fllls 32, 2⁶ munio munitum esee 49, 24 muni-

χί1111111111 105, 14. 151, 14. 155, 11. 11111 5510
274,Ῑο multitudini 157,3 multi-&munitionem 5921128513 muni-
ludiuem 52,21. 73, 3. 153, 7. 189, tione 59, 21 munitionen 20, 20.
9.185,17.20.250,2 multitudine 22,14.280,7.19,1 munitionibus
10510105141550 1551

multum 10,1.453-51,11 5111151111 113, 23. 131, 3. 15513101, 1
1051015515 11111115511511. 1111011135151154. 1054 1111-
151520. 102, 8. 178,19. 218,0 mul· nerum 33,1 muneribus 5, 17. 31,
1110 10,1. 1351 multa 1, 5. 105, 1113510. 151, 151455
1. 203, 24. 215,8 multis 10510. murali 21,28
111, 23 1111111111 511. 10, 111150 Murenae 4513
11111111 1, 101515. 1151. 1551155105 (myrrae) 197, 22

· 110,11115,11.1155135113111111111115515111151114 muri
23 11111111 23, 13. 213, 12. 211, 22. 21, 10. 22. 22, 3. 1015. 11. 13, 2.
249,14.170,8. 14 multo 5001111101. 130, 23. 280, 22. 153, 24 111010 21,
131,13191,11.210,1.211,13.224,3 14. 153, 13 1511151521,7.10.22,

Vitruvium 0

 

