-108-

(90, 6) - *99122913 -“ *quem 111191 151121 19911119311688,

55,14.246,8 *19919118,5.(81, 22 quadam 222,9.294,24 qno·

199111) - *quod 9111 *qno dam 911, 19 quaeum 919, 91

230,1 *1992,21.44,12.70,20. quibusdam49,11-115,19 ·

91, 9. 111,1.119,99.191,11.199, quidem 919. 19, 20. 1111911111.

19. 201, 1911, 11, 91191. 99191 *19119 99111 ne - quidem

*11991,111111911999999, 44, 1. 199, 91. 991, 20 nec - qui-

11. 275, 21 - ¹'qui 1994 *1999 dem (44, 1). 1515

191, 22. 22, 4. 1111. 1911119, 11911591 9119 qualibet 99119

22. 9111991119, (1911. 111, 1. quin 1, 11. 19,19. 191, 1. 119, 91.

246, 2). (12, 22) - *1991991279 210,8

13.(66, 16) Ι1199199146, 15. 102, quinariae 208, 5

14. 161, 3. 238,14.262, 10 *quan quindecim 74,11. 80,10

37, 18. 167, 2. 233, 13 quibus 219, quindenum (11. denum) *149, 29

22. (142, 16) - 1199112519 cuius quingenti 27, 6

151,5 9199 230,1 1911191145,13 quini quinae 99, 22 quinum 10118.

1911919191. qui uestrum 174, 266,16 quinum 0999192083 qui·

15 - quem 31, 2. 90, 28 19919 9991191199 74,9

1817 199 23, 9. 97, 32. 189,9.’ quinquagenam 209,9 1919199-

20126. 21118. 25112 199 96, gennuae 208,2 ,

19. 11117. 185, 27 1916123. 1919199199919213,28.214,1

156,6 1999 5212. 86,10. 24. quinquagesima 74,5

155, 12. 243, 22 1999 232,ss 1999 quinquaginta 27, 3. 74, 20. 111, 14.

33, 6. 23. 37, 23. 64, 17. 28. 83, 23. 208,8

1911111.19111911191199. 1911111119. 111111119. 1111.

919, 91 quibus 99111. 290, 2. 19. 911. 919. 91911111. 111,

31, 2. 33, 2. 38,18. 26. 37, 1. 9. 44, 11. 18. 122, 28. 140, 8. 141, 2. 18.

11.11,1.1.99,1.11,11.91.9119. 111111111,111111911911,

90,19. 118, 26. 28. 128, 23. 134,13 13. 214, 13. 216, 2. 238, 13. 246, 2.

bis. 1419141111111111,14. 284, 17

111, 1. 11111. 19119, 111911119119111111 99, 24

199, 9. 10. 19119. 919, 90. 212,1. quntarium 99,9. 11

218,17.224,18.259,1601’1.266,4. quintum 113, 16 quintam 191, 6.

276, 18. 277, 1991, 28. 164,7. 209, 113, 22. 118, 22. 274, 1 quintum

71288, 18 ‘2299 1911110221,14. 134, 3.

11111111. siqui 19,1. 19, 9. 19, 999, 91 quinta 9191911111.

20. 11, 11. 11, 9. 11, 10. 49, 20. 91, 122,19. 9111 121. 1111 quinus

12.119,1.4.191,12. 11191119, 1111191

14. 237, 2. 263, 6. 280,10 99 qui Quirini 70, 4. 179, 13

1111- 11191 siqua 99, 9. 119, 19919911111,9.11,99. 1111 quid

119111. 111, 9. *911 11 quod 1199119. 1111. 11199199,

91119 1911191111119 11111 11.11111.111,1.919,191911111

siqui 04, 9 - 91, 10. 192, 19 quae 911911111111. 9111191.

11, 1. 1119. 11, 99. 91111111. 1111.191,11.111,1.911,11.999,

199,10 qua 119, 9. 1111. 9111 14. 24

quibus 1999 191919991114 1911110,7.
qma 90, 21. 11, 22. 11111. *111, 1. 111111111111.1919911

1111, 19919, 99 quisnam quidnam 191,29
1919991199 quaecumque (2, 6). 110, quisquam 111

11221118 ouiusoumque 2,21 1919199 292,12 cuiusque praeced.

quemcumque 104,10 1991119919- 191 25, 6. 102, 21. 239, 2. *20 15,

que 188, 20 quocumque 39, 20 29.92,12.199,10 cuique 76, 9

quaecumque 11190. 188, 7 1991- 199199 15, 20 quoque 1, 15. 5113

cumque 280, 12 quibusoumque quo 51,17. 12126. 1481817117.

119,99-119,11.911,11 99119. 911, 91 1001 1911. 991,
1119111911,1.911,1.999,9ο quen· 19991199111999. 99111

 

