-6-

3331234,11 agerent 233,22 aget 14 013130, 23. 155, 3. 132,13. 213,
*aaa 13 1180115265,21 egerunb 23.223,11.230,9
232, 20 agimtur 152, 17 agatur 511115 21, 20. 34, 12. 102, 10. *158, 13.

79, 7. 94, 4, 235, 18 agebatur 222,
24 agebantur sort. 275,10.284,6

ageretur 252,4 agendae 51155155,

9. 20 agi 157,14.281,12 agendo
244,12 5555521121 agentes 174,
11. 283,21 agentium 117,13 acto
5,2 agendae 155,16
agrammatus 5551. (luel *8,10 ·
agresti 33, 15. 36, 7 agrestibus 119,
27 agrantes 130,14
*agricolae 143, 23
au 3, 5. 155, *5. 15. 111, 3. 223, 2.
273, 23. 224, 2 aiunt 222, 3
*alae *55,15. 142, 4. *228, 19 alarum
141, 12. 10. 142, 12 alis 141,10.
Alabanda Alabandis ⁸20,1
Alabandeuellml 1155555555174,
Albanae 44, 21. 45, 15
albario 103, 8. 123, 7. 143,17 alba·
¹* 1115165,13 - subal. 24. 149, 24
5151115386
Albula 192, 23
albae 44, 24 5155 57,3 515551 167,
. 13 5155 41,4 5155198,13
alexander 31, 3. 5155511. 15515.
199, 20 Alexandrum 31,12 Ale-
xandro 21518
Alexandriae 156, 11. 180, 25. 21821.
(233, 13.) 237, 8 Alexandnam
32,20.132,13
Alexandrinae 283,15 Alexandrino
111511513215
5511152711
5115522526 alias - aliae 110, 24.
555, 13. 232, 23 ,ψ
Alicaruaseo u. Halicarnasso

209,11. 211,1. 220, 8. 238, 6. 261,
23. 223, 12 ala 22, 1. (15, 55.)
115, 15. 155, a. 3. 214, 12. 223, 5.
233,13 alind 11,11.151,51.155,
18.248,18.277,4 alii 9011. 11. 56,
5. 155, 15 (alius fort. 13, 21) aa.
51, 15 alium 2120. 203,11. 555,
3. 231,2a. 223, 12 aliam 15155.
1555155. 134, 3. 143, 23. 151, 3.
103, 20. 203, 10. 214,12. 238, 18
aliud 13, 20. 54, 22. 88, 1, 102, 7.
155, 0. 222,3 alio 14,12. 233,14.
242, 24 alia 1551. 22,2.102,10.
134, 121301‘3. 142, 3. 511, 1. 213,
21 bie. 22. 220, 8. 280, 8 bie alio
4230. 101,12. 153,13. 233, 4, 231,
3 alii 34,601“8. 15. 50,5 bis. 33,22.
33.3302.33,1302·s.102‚4.143,24.‚
155, 15. 158,3.1.176,3.118,15. 182,
13.134,2. 133,11. 55511. 511, 55
511555,15.11,15.51.1ο,15.(5515.)
100,19. 20. 101, 22. 106, 21. 150,

. 51151555.151,11.555,11.555,

1. 243,21 023. 233,23. 233, 20. 21
alia 22, 23. 22, 13. 15, 20. 44, 15
55. 23. 43, 22. 115, 2. 132,2.3. 115,

23. 133,22. 23. 1551515111. 155, ·
15555511,1155111515 aliis .

148, 24 alios 33, 22. 06, 2. 149,11.
115, 55 51515 11555511 15. 515,
23 alia 18, 23. 20,4 15551555.
115, 5 15. 151, 4. 233, 20. 515, 5
516511511. 13. 551. 15, 21. 103
20. 144, 5. 15511. 123, 4. 203, 1.
11, 10. 43, 20. 03, 0. 30, 2. 101,13.
170, 23. 180,1. 194, 3. 190, 9. 198,
15 aa. 14. 200, 2. 220, 24. 240, a
1115
5115555555 50,19 '

alienum 33, 3. 51, 15. 115, 1. 133, 3. alligationibus 133, 20. 21200, 23

115, 1. 181, 11. 243, 15. 20. 249, 23.
277,18 alienam 134,2 aliena 236,

alligo alligant 47, 22, 48, 10 alliga·
51112487 51111ἷ55551 30,11 alli·

10.34,9.103,2.1212,10 alienas gentianae 5113551215205111-

121,a 1115151555.1555111115
-alimentum 54,Ιο
alio adn. 20³‚9
aliquando 10, 15.20,13

1515547,16.*278,2 5111855555928
alneis *15,23. 130, 22 ’

-alnnn 57, 8. 186, 17 aluum 223, 22

515511524,23.,56,8.184,26 51555144,

aliqui aona 3. 170,4.209,4 aliqua 22 5155551184,13 51515158,1

109,25 511551115111,7 aliqua 193,

ali 32,10.<132,12.>134,2 alendo

24. 203, 23 aliquo 122,13. 200, 13 1313 alendam 21‚23

aliquia 116,7 aliquid 157, 25

aliter 5, 24. 23. 11,·5115. 55. 15, 1.
13, 1. 55, 51. 51, 10. 103, 23. 134,=

AlEee 59, 19. *61, 5. *190 16 Alpi·
us 155, 51. 555, 55
5115555 27, 10

 

