..28-

contrahit 38, 10. 001, 0. 010, 0. 011, 1101010010. 188,6 copiis 81,
9.19 contrahunt 91,6 0001101100- 1. 33, 4. 37, 1. 11, 3. 16, 9. 60, 18.
tur 63, 27. 194, 11 00011011010191, 64, 7. 69, 3. 83, 90. 109, 9. 181, 96
96. 97, 3. 9. 6. 99, 94 contrahantur copiosi 68, 6. 133, 4. 194, 7 copiosae
74, 99. 97, 9. 103,18. 193,16. 918, 00901300-000100101118196

18. 970, 9 contrahentes 86, 9

- copiose 176,14

„2 contrariorum 00601. 61,9 - 0011110- coquitur 181, 8. 17 coquatur 41,6
11110 91, 11 0001111111 919, 97 0011- coquantur 41, 18 cocta crit 63,16
110110 999, 6. 939,6 000110110193, 00010100111169,17.189,990011000-
26 000110110991,17-0000110110 dum 124, 20 coquendam 69, 3,

¹ 111,6 contrario 1886
(contricauit 261,18)

000100 93,6 0001100187,7 coctae
266, 24 00010 93,8 00011 137,1

100011000101007,7 00100100 198, 11 ,
contueantur 86,6 contueri 96, 7. coram 168,8.218,6
931, 99 „corax 001000 979, 19

,1100111οω0119 4, 18. 989, 9 0001010011ἱο Corinthius 63, 90 Corinthiorum 116,

6,6 20 Corinthios 87,6 —- corinthio·
contunduntur 175,22. 178,10 con-
tundatur 909,6 contusa 1762
contusae 179,·19 contusa 11,18

conualescont 14,3

0000000100110 (19,11)117,8 00000-
01001100114,9

00000011 68,17 conueniant 76, 96
conuenirent 84,2 conuenire 169,
22. 200, 12. 238,18. 010,ιο 000,οο 00 corinthios 11011 corinthiis

, conueniens6,16.11,18.12,14.06,0 0100010.1001010111000.
conuenientis *1911 0000001011- 88,6 140,19
1001 116, 9 000000100100 69, 90. -corium 168, 3. 99. 38,11. *40,19. 976,
68,99. 77, 3. 968, 6. 963, 94 oon· 11 00110 999, 19 00110 17, 96 00·
uenientia 13,16 conuenientes 67, riorum 18,1 001110 *39, 11. 47, 99.
0110000110 conuenientibus 101, 24. 168, 6. 010, 10. 274, 8. 276,
964, 9. 966, 6. *9 - 000000100110- 1. 977, 1. 7. 979, 8. 11. 981, 6
simum 69, 91 Cornelio 9,4

&conuentus 33, 98 000110010166,99. Cornuto campo 199, 93
919,7 000000100 116, 91 -0010010 119, 13

conuertuntur 177,11 -cornu 60, 6. 97. 199, 19. 998, 11. 19

1(00000100110010 919, 97) cornibus 114, 99. 116, 11, 91. 118,

0000011001οτ 109,0 conuertuntur 6. 190, 0. 969,1 “
970, 6 conuersa 001 197,8 oon-corona 81,19. 99,19. 91. 96, 99. 97,

. 0011001100 sunt 26, 93. 96,8 oon· 16216, 1.*999, 16 00100008199
uerti 224, 27 0000010001 999, 11 91. 89,1.93,6. 916, 16 coronam
00000100 134, 24. 97 89, 99. 916, 11. 916, 17. 999, 7 co-

..0011010100 31,1 00001010908,11 rona *93, l. 118,11. 16. 919, 7.

000010001001 173,11 916, 1918 coronae 76, 96. 89, 4.

Ιο0001010160,3.93 00001010101061,6 11.88,8.106,9.128,12.167,1 coro·
conuiuiis 171, 21 0110100010. 00, 1. 0110101,

conum 286, 90 8. 8. 179, 9 coronas 4,10. 82, 0. 88,

*scopia 14, 16. 46, 28. 160, 18. 186, 28 21, 80, 8. 143, 18. 17. 161, 4. 1111.
000101111,00.10,1.00,10.00,01. 010, 0 coronis 10, 10. 84, 10. 11.
1000. 101, 12. 001, 00 copia 00, *886108,7.10.118,21.167,16
13. 61, 19. 90, 96. 196,19. 176, 13-001001111010 916, 17 coronario 171,7
copiae 41,18. 60, 8. 198, 19. 179, 0010010011 31, 18 coronantes 990,19
20.180,16. 186,8. 911,9 0001010ομ001001010100 136,6
11, 11. 16, 21. 119,1.191,7.9 00--0010110 7, 26. 17, 17. 104, 9. 193, 99.
pins 00, 0. 01, 01. 00, 00. 100, 00. 22. 184, 10. 100, 1. 000, 00. 001, 00.

rum 011901. 13,19. 91,11 - corin·
thia 84, 18. 86, 91. 193,7 00110-
thium 84,10.86,17.140,7 corin-
thii 83, 27. 84, 4. 87, 7 corinthium
205,4 corinthio 18, 6. 122, 19 cc·
1101111143, 19. 16 0011011100 81, 1
0011011110 87, 96 corinthiarum 83,
19 corinthiorum 84,6.101,97.113,

 

