 

' - 22 -
19, 7. 59, 18 cognoscendum 229 ,11555151 133, 14. 179, 17. *1928 5515115

cognitio 283, 22 cognitao'rl, 16
cogo cogit 54, 1. 119, 3. 178,5. 189,
10.193,10<222,23> 238,15. 243,
emmmmmmmmw,
22. 234, 17. 257, 7. 17. 262, 23
5335333ω35
2. 234, 13 coegi 160,6 coegit 52,
22.157,13.159,19 00035351173,
10. 284,13 coegerit 105 29. 108, 29.
103,3.104,14 5031513921. 190,

1115357519. 183, 2 colorem
178, 21.179,8.19.180,22.23,182, ·
2. 24 0010104515. 00 20.135,12.
5ΗΗΜΜῊο,335
918 182, 7. 27. 192, 22. 191, 10.
198,14. 1328. 22426. 252,2 colo·
335135155553
mmmememmmmme
23. 181, 22. 210, 10 colorum 186 ⁰
5515115551359.138,8.173,3.205, 2

’ 22. 241, 8 coguntur1ac,1o.140, 5515155355 coloratam 18122
13. 243, 5. 244, 18 cogamur 217, 7 5515151555 551555151251,35515551553
cogantirr 223, 23 cogentur 257 3 *50 3 colossicotera 81, 1. 247, 19
coacti 555587, 1 cogere 243,18 colunibaria 253, 11. 89, 23. 233, 14
cogentes 2260 8 555515 121,12. columella 237, 13 coiumellae 237,-

105, 18. 158, 12. 219, 25. 247, 14

15 10. 20 5olumcll5 238, 25. 20

5555153 178, 8. 232, 23 cocicto—columen 88,14.100,17
*26913 50051100,5.193,1.242,22Ν5011111150 74, 9. 79, 23. 80, 1. 85, 26.

coeciae265,20 555515189202389
ccihaercutiam 2184, 4
5511551515 47,4 cohaerentes 239, 22
555551515551 38, 3. 42, 3. 20
*5511511552225
coiciunt 182, 21 coiecerunt 38,11
coicitur 178, 3 coiciuntur 40, 20.
nmmmmmmmmmn
coiciantur 41,9.19. 43,14 coicien-
⁴ tes 182,19-5. 55111515
χ5511155 *38,19
0515515551. 190, 15 Colchorum 34 23
*coliculus 173, 13 55115511 (87, 20)
173 (3) 8 5511511115 (87 2(,1)173,
14 5. cauliculus
*collegio dol. 49,13
-551115155 140,9
colligo collegerunt 66,19 colligitur
13333353533
colliguntur 166,18 5511551115 eunt
177,8 colligenda eunt 185,18 c.
sint 104,20 colligere 28,6 colligi
177,13 colligendol9,16 collectus
234, 20 55115515180,12 collectae
186, 4 55115515 86, 28. 160,5
Collinam 39,7
χ5511155511111115 43, 2
’5511111511520024
χ55115111 55115 23313 551115 234, 23
5515 culta 212, 22
05155155. Jcc. 191, 2
Coloniae 1511115 1111155511 10312 -’-
55155153 32, 8. 30, 13 5515515636,
10 55155155 84, 25. 85,3 coloniis
33
*colonus colonie 5513

87,10. 91, 23. 94, 7. 99, 23. 101, 8.
133335333335
columneo 69, 25. 70, 17. 71, 24. 73,
3333335533
1533535353535
353553333553
23. 122,26. 28, 128, 3 5511315551
8324. 237,23 5515111511 82,24. 101,
13. 238, 12 columnae 46, 8. 39, 13.
35553551555355
35333531333
3.333333353
14. 100, 1. 4. 7, 17. 25. 107, 24. 118,
12 1619. 122, 14. 17. 23. 123, 3.
112, 21. 21 143, 23. 1656 501551-
narum 12, 10. 09, 17, 20. 70, 3 20.
71,,.8112’4,.,20725...91214.18,
355333535353
35335133535
5333333333
315335353335
100,1024.107,17.22.118,14.18.
53333333333
23. 143, 13. 22. 152, 5. 100,10. 102,
nmmmwummmme
99,17 551535553948131423.
7077320 75148313784,
8.83,1.,,.,88708811911.93,22,
94, 22. 99, 20. 100, 5. 102,.. ' ,100, 0.
15.10,107,9 122, 12. 128,’5. 140,
14. 1431111924. 115‘26. 174,Ιο
5515311154, 10 (1318) 7018. 73, 7.
35353ῌΜ3335
3333333333
mmmmm

columnatae 100, 20

’051555555837-051555535528220 combibit 39, 18

 

