„17-

cnndcntisc perr. 226, 611 *capricorni 226, 2. 21624. (27). 211,
6661166661 17612 , 1. 22 capricorno 227, 19. 21290,
candidum 40,7 6661111166*67,7 6611- 16. 210, 27
clidis 1868 candidissimo 2622 caprilia 141,16
1661166116 167,11 candore Ι1168, 8.-666662 capsum 26620. 2669
179, 17 1666116116 7, 10
-cenis 231, 69 66612366 ..62601616661
,661166616619 cannarum 166,26 -ccpui 6612. 187,21.208, 11. 229,
ccnc csnnnc266, 11 cancre 116,12 16. 266, 1. 6. 6. 261, 12. 266, 11.
11162666 (canon) 261, 11- canon 262, 1100. 31, 18. 60, 6. 1968. 2061623.
“ 1 061066262,4 221, 4. 226, 16. 17. 20. 230, 2. 6. 4.
xcsncniccns 6211616 261616. 21621. 211, 11. 216, 6.
Canopi sdcllc 261, 21 216, s. 26611. 16. 266,6.261,16.
-canihcrium 106, 22 6661116111 pl. 66, 278, 21 capitis 66, 9. 228, 10. 229,
1166616611 cantheriorum 66, 1616. 2661. *266, 16. 2662. 261,
6. 6. 26 cantherios 66, 16. 66. 6. 20 66616111,12.166,21.266,26.
Qm wmmmwmwcmc
i‘ccnticum 611611. 104, 12 267,12. 2666, 2761. 276, 6.7. 279,
:cantic 111, 17 661116216669,17. 1228616 666116862618617.
1166 . 16616.1666161661122626.
cccco cancnndurn 201, 22. 203, 17 246, 16. 248,-1. 6. 266, 12. 269, 3.
*centus 118, 26 211610. 600. 162,16.186,21.196,
0211116 cerna 464 6. 206, 1616. 216, 11. 250, 1. 14.
166616616166166666166616621 261, 10. 266,16.266,6.261,21.266,
-ccpillamenic 86,6 · 26 666116622611 capitibus 124,
-csp111166,10.16 666111612621126 26. 226, 21. aci. 1166. 161,2. 266,
6. 166, 6. 16. 266, 6. 2161. 2166 21. 22. 261, 12. 206, 2. 216, 6. 266
capillcnnn 66,14 ‚ 616. 26621. 2666. 26626266,
cepit 16, 16 capiet 26, 16 ceperunt 4. 269, 4. 278, 16
116,16 cepisset 282,9 cepissent 02106166 60,14.86,12
272, 24 ceperit 16616 ceperint ο6611166 27, 14
666 capiuntur 11,26.14,6 capere-carbonem 69, 10.60,17 carbones
189,13 66616666197,9 capiens 18617 carbonum 124, 10 661- ,
26611 ccpicnccs146,6 ccp6661, 66111666161121616622111,
22 66666116 666666112626 11. 1162
066161211626 Capitolio 86, 20 carbunculus 40,1.11,6. 14 carbun-
rcapicnlusr 80, 1. 101,16. 123, 8. 268, cnlc 186,7
12 6661661116, 16. 166666626-661661 161, 26
61, 6. 16. 11. 61, 21. 22. 166, 1. 6. (cnrchcbi 2662 n. cheroicbcc)
122, 26. 126, 6. 2661011. 26616661666616 Ι1280, 23 carchesiorum
61ρί1616866 capitulum 81, 0. 2863 carchesiis *246 22
*61,16. 12626. 1261 6661611611, cardinales 6611
21. 61, 6. 61, 16. 66, 26. 6621. 266, cardinato 2161616
16 capitulis 87, 26. 9218. 268,8.»661066611111112267,20 cardini*166,6.
2166 capiendorum 16161626. csrdincn 166261661126621.
61,2.61,26.212,16 6666111662, 22261, 11 cardines 26626266,
16. 61, 1. 62, 16. 161, 16. 212, 6 16. 21616. 2161. 6. 6. 26611.
capiendis 61. 1616. 6666621. 216616 cardinibus 206, 26. 210,
16626. 16611. 11612. 122, 21. 16. 261, 6. 266, 6. 216, 16
266, 8- Cariae 61, 7. 86, 4. 1101. 49, 21
Cappadocis 1666 ,1661166 21, 21. 166, 16 6111661266.
*capra 61166 22616 66, 16. 161,2 caric 66, 22. 66, 6.
-ccprccli 66, 11. 261, 16. 216, 1616. 1666
2767 6661661616162166666166-26611161661 182, 26
’ los 276, 18. 277, 6. 2166 caprec- (2126661666) carminibcs2162
lis 101, 17 -ccro 621116 124, 17. 2068

vitruvius. 2

 

