*iss-

16 recepto 12, 20 recipiendam reficit 21, 26 16631111193,21.25.
207,5 16666162103
recitauit 157,19 recitarentur 166, reflectitur 230,6
26 16611331336157,10 recitatis refragantur 137, 26
157, 13 refrenando 222, 22
,incognitionem 2,7 ><16711331611οιιὶε 16, 12 1361361366-
recognoscentes 213,11 nem 137, 16. Ι1136, 25 refrigero·
recte adr. 131, 18. *173, 21, 251, 15 11616 22115 refrigerationes 189,
-166161,2.6,1. 2315. 52,11. 8 refrigerationibus 17, 2. 20.
80,.1 105,7.22.126,17.131,12.135,10
139, 4. 151, 18. 161,21. 165, 11. 27. refrigeretur 16, 27 refrigeraretur
168,17. 177, 21. 205, 21 192, 7 refrigeratus 1316713319
recuperent nr 55,2 refrigerate 115, 2 refrigeratum
“redite 263,20.261,9 1611626311. 179,18.189,9 refrigerati 192, ·
13. ’261,1 redae 215, 26. 255, 20 21 refrigeratae 187, 13. 511 re·
163313*133,1.*611,13.611,6ο.636, 1333331363 refrigeratis 136,
11 163631161,66.133,1ο red· 613363
derent 168, 26 1361131130,27. 161111311136,6
36, 63 redde14‚11.(1ee,1)'-re4 refudit 616 3
demus 102, 27 redditur 171, 20 1636116 115, 26 regalibus 119, 23
redduntur 110, 27 16666163631-1631611210,16.26,6.111,19. 111,
71, 21 reddere 4,8 reddi 48, 28 27.199,11 regionis 29,2. 167,7
—redemptcris' 216, 20 redemptori regioni 61,12 regionem 23, 14.
215,11 redemptore 175,12 65, 13. 963. 1178. 144,11. 116,
redeo redit 61,25. 220, 14. (221, 15 23 26 regione 10,11.78,9. 39,
ins. doe). 221, 22. 227,7 redeunt 18.13.102,.1 115, 21. 117,5, 120,
sie, r. 3. 613, or 6333116313. 4. 3. e. 13166. 1333313311.
611, 13. uror redire 133, eo. 13313. 36316. 636, 66. 63311.
<633,63>.336,11 rediens 6616, 33361 regiones 13,es.1r‚1.eo,
141, 13. 63 33. 633. 63,16..33,63.163,61. 113,
redigitur 168, 16 rediguntur 181, 6 8.131,1. 13812. 116, 17. 117, 21.
mennon 6336 12, 31 182, 1. 185,21. 2035 regionum
3113313 666, 3 66, e. 43, 66. 33, 3. 13316. es. 116,
reiininnm 163, 14 ' 33. 361, 4. 16 regimen 136316,
reducunt 636, n’r reduceret *63316 1. 17,3.16,20..13,1.26,171321. .
reduxit eet, 21 reducuntur 251, 61, 5. 9. ⁸94, 25127, 7. 138, 1. 111,
13 1331633336633 reducebnn- 13.143,3.163,21.1336221131.
16150, 21 reduceretur 237, 12 22510226,9.17.232,1.210,1916·
reducendo 261,17. 273,7 gionibns 4,1. 1‘1,3. 6. 21,11. 26,
(reductiones 120, 21 reductionibus 23. 12, 8. 13, ie. 68, 3. 01, 21. 99,
311, 36 61. 163, 66 36. 116, 13. 133, r. 163,
1116666116ῃῆ6 19, 23- 23, 25. 181,8 11. 131, 18. 20, 29. 165, 1. 137, 23.
redundantiae 21, 22 117,8.175,17.179,10.182,8.10.
>venundationibus 311, 3 186, 66. 136, 63. 166, es. 1oo,r.
redundet 207, 8 redundantes 109, 197,10.198,1.3. (7). 203, i. 231,27
27. 140, 24 1631111631650,27 16313631, 9.
redurescit *16, 27 119, 11 163311 203, 6 16316
6161366616112, 5 refectionibus 215, 11 163163 19, 4. 117, 20
110, 21 16316111 84, 20 16316116 *51,6
ministrem 1611111 156, 19 re-regnnm181,3.203,8.61,6 regno
inerunt 63, 66 refertur 163, 3. 136 34. 133, 66
616, 11. 14 613, 13 reseruntur regredi sennense, 11
221,6. 2165. 6. (1031363). 263163163613 occ. 220, 19. 222, 5. 13
219, 2. 5.7 161616161217,11 16 ...1637613205 20. 206, 1. 11. 238, 5. 218,
1316 1116111667 1616161163257, 2325610 regnlee 11, 21, 205,
9113111116 130 ,12) 22. 20616. 270, 18. 20 bie 1636·

 

