,7-

altor 11,21. 11919. 119, 9. 19919.
119, 11, 199, 19 altura 19, 9. 10.
19, 9. 99, 19. 19, 1, 91, 19. 9911.
99, 11. 100,9. 1199. 119, 19. 193,

. 1119919.19991191911919.

19911 ultemm 9,11. 991. 1919.

11, 29. 99, 19. 119, 20. 129,10.111,

11. 111, 20. 113, 1. 9. 111, 3. 199,
19.119,11-19,19,1999. 19919
altitudinibus 2221. 9191919920.
199, 11. 19911. 1191, 11919111,
22 -- (altitudo pro latitudo 80, 2.

999. 9. 91, 9. 91, 21. 19911. 199, .

19119, 9 ·

9. 119, 11. 199, 3. 299, 9. 19911. 9111991, 19. <199, 1.> altu 91, 19.

243,28 01161108111,8.205,4.222,23
61161111267,2.*11.11.219,7.265,7.
1199 alteram 91, 199911. 111,
1911911191119919.19919.
1191919 altorum 19199911.
19919.1191919991999 uicen-
simo et altero⁸226, 19 altero. 19,
1131919167,1.129,11.*136,27.
1199119191999. 19911191,
919911 altaro (toutol 120, 21.

91,28.185,20.251,7 altum 97,21.
100, 25. 1119929911 altae 107,
21 altum 206,6 altam 9926273,
191191 alto 1919. 9919 alti
91,1.117,23.261.11 altae 02,14.
*99,11. 19919. 1991. 19919111,
16.118,1320.141,19.142,21.’266,
11 alta 92, 9. 119, 19 91119999,
11 altos 11911 ultas 91,1.109‚
18 — in ultum 61, 17 - 292, 20.

191,9.191,1.199,1.119,19 alta-

1199919. 19911. *1199 altera

92, 11. 299, 11 ulteris 299, 29
alternis ouo. 19, 19. 191, 11. 199, 1.

111, 11 - altior *91,10. 1911.
206, 16 altiorem 119, 21 altiore
1991 altiores 19911191991,
7. 109, 4. 122,18. 136,17 ultlortl
11911- 991, 30. 99,11.111,19 91, 9. 91, 1. 199, 911919 altio-
u. 39, 11, 11, 11. 19, 9. 11919 ribus 91,1 - alta 11911) *91,1.
Altinum 199 99199911. 112, 111191191,
. ,mititudo 9991911. 1911. 13. 19. 19.199,11.199,1.191,11 altius
17. 77, 10. 19. 80, 10. 12. 13. 1119. solutio, 18 altissime 1229
91, 11. 21. 21. 91, 1. 99191191, aluaolatm *199
1119991999191999,11199999119119919191 11919
99, 22. 100, 2. 101,11. 108, 4. 1194193116 aluei 126,13. 17 alueum 22,
· 9119,11.119,10.120,19.122,29. 22 alueo 101,9
19. 111, 1. 111, 9. 199, 13. 19. 111,-1111111911 119, 29. 192, 11. 1999 ulu-
29. 299, 10. 299‚1.9. *11. 119, 11. minelum
271, 21. 291, 12. 277, 25, 2895 aluminosum191‚19ulumin09i193,29
altitudinis 12,11. 1919. 9111. 99,-111119 1991
1919. 991919. 99, 2. 1919991919111119 999
20. 81, 6. 12. 19. 19. 23. 82, 7.12. amarus antara 1999 9111919111 58,
85, 23. 86, 3. 87, 17. 9919. 61922. 15 amaram 1993 9111919 196, 23
100,6. 1111. 1119911919. 119, amari 196, 23 - umori 911691.
- 1'1. 21. 136, 5. 153, 22. 211, 14. 215, ‘19,21
l. 268,1. 271, 20 alt'tuuliui *108,-(19919119391999191191119) *1193 -
91191111119611911139,1.9.99, amaxopodes *2182 Ι
19. 85, 22. 1999, 11. 99, lo. 20. 91, ambio ambiunt 133, 12 ambiuntur
26. 101, 8. 105, 20. 108, 9. 110, 3. 133, 16. 119, 18 ambiundo 115,19
1 o· 118, 1. 9. 121, 0. 123, 28. 126, 20)(1111101110 64,9 ambitione 69111
119, 11. 199, 29. 112, 9. 11. 11919911191911111 91 “
170, 8. 185, 22. 199, 2. 11. 18. 208. ambulatilibus 261,6
20. 219, 13. 22918. 229, 2. 211, 1991119111969 92, 1 ambulationis 127, 5
244,2.6. 246,23. 253,9. 254, 5. 256, ambulationi 72, 20 ambulationem
1919919.199191991911911. 99191199 111911111911911919
271916. 18 altitudine 53, 5. 70, 7. ambulationes 71, 10. 12210. 123,
80, 15. 18. <91, 9.) 97, 1. 109, 29. 15. 124, 9. 12. 22. *21. 128,13. 18.

111, 19. 119,19. 111, 11. 119, 11. 119, 29 ambulationum 121, 29
191,11. 193, 1. 290, 9. 299, 9. 299, ambulationes 109,1. 122,19. 121,
11. 1199 altitudines 92, 1911, 9. 119, 11. 191, 1. *111,11. 19919
1999199919911.19111111, ambulatorius 119, 19

 

