”sinus 22611 sinum 227, *9. 11 ·
(sinysiem sinisism 1861)

⁸-122--

466. 46, 20. 6666. 666 solidi-
loto 162,26.166,1.166‚4

siticulosum 162,16 siticulosum solido solidantur 17, 2. 42, 21. 61,

’ 6166666616

166, 27 22 solidetur 162, 20. 166, 16 soli·

dentur 2167 66111616661 69,12

sius o. ind. 61, 7316. 98, 6. 99, 16. 163, solidati fuerint 168, 6 66111616

1mffimumnffimfl.nnmfflmmuwm6
266, 2 - 6, 1466, 10. 666616. 66, 66661 solidatos *16 21. 61, 24
lmmnwuanm fflmnmw

emwmnmunmwmmmmfflmmmffl

.nmmnmnmm6
4. 236, 14. 17. 238, 4. (23914.)
276, l. 216,2 sins - 61116 28, 6.
16, 7. 16, 6. 61, 1. 166, 4. 16616.

“ 196, 10, 233, 20 siue ·- 6611 139,

161666166616
Smyrnae 122, 7 (Zm) *166,4.*116,21
— Smymaeorum *66, 11
86616166 166,14 Socrati 64,6 So·
61616111 62,16 Socraticus 131, 11

dum 16217 solidam 18, 28 6611-
dum 6421 solide 48, 2. ’168, 28
solido 161, 16. 264, 24 66116666,
61666 6611116 11614. 121, 16.
186,1 - subet. solidum 76, 21
solido 1624 solidum 16, 23. 21,
6. 76, *12. *16. 130, 18 661116 21,
3. *76, 12 - solidior 1612 6611-
diore 200, 16161111661166207,1
adl. 21, 6. 76, 14 solidissimis 16,2

χ661661666116666.16666116-6611666 216, 2126 66116 61666
, 3.123,26.136,1.144,16.14l,6. sollertem 138,17 sollerti 243, 16.
11611.166,16.166,6.661,6.666, 666, 16 sollertes 110, 22
6. 1617: 222, 6. 24. 224, 6. 2238μο38133 64,1 sollertiae l·0,ll sol-
16. 666, 1616. 16. 21. 661, *6. 14. lerliom 16, 66 661166616666. 16,
23. 232, 8. 233, 9. 240, 2. 27 solis 20. 31, 7. 33, 23. 33, 13. 19. 73, 0.
14, 6. 16, 16. 66. 66, 26. 61, 10. 20. 111,16. 116, 6. 121, 1. 161‚21. 26.
1661166661661614.16616. 161, 10. 160, 21. 210, 20. 216, 0.
166, 21. 144, 26. 146, 1. 146, 66. 666, 16. 266, 16666, 16. 264, 16
131, 8.,179, 7. 182, 2. 10. 184, 23. sollertiis 16612 ·
187, 12628. 188, 6. 20. 166, 1. solstitialis 2366 solstitiale 2263
166, 6. 161, 16. 166, 21. 166, 61. solstitiales 241,1l
218, 16. 27. 220, 16. 221, 10. 222616616611661 7, 166610. 144, 27
16. 66. 664, 12. 6666. 666, 6. 22ΝῙ.80111111 66661. 661161616616.
6666. 14. 20. 262, 6. 264, 6. 16. 16611. 666 1. 16. 211, ll. 16611
266, 61. 6466 solem 146, 6. 666, 6616 111, 16. 266, 6. 66616666
22. 222, 8. 226, 12. 22610. 18 6616 16 66116 11, 26
16, 3. 9. 11. 28, 2. 10,19. 137, 22. 2, solum ado. uon solum 1, 10. 12.
166,12.22.226,1.226,11. 16666, 16666666666666.66661,
1. 6. 66. 16 - Soli 12, 21 11. 62, 66. 164, 21. 1116661461.
χ6616611111 (66. uentum) 21, 26. 26, ll. 164, 20. 169, 7. 181, 6. 186,1. 199,
14. 29, 22 bis 4. 203, 20. 212, 16. 23. 213, 3. 217,
solet 23, 19. 27, 19. 163, 4. 6. *296 13 neo solum 46, 16. 198, 6. 203,
616164 661661666666166, 6166666466 ·
13. 6616. 101, 24. 116,8.117,26. soluo (soluens Joc. 121, 12) 641661-
146, 66. 16666166, 16. 104, 2. 6666666661, 16 66161666,6.166,1
196,18.199,11.279,3.280,6 sole· solus 6611126613 sollun 1626
⁶ 1661271120 solitum ool 144, 26 6611661- 11661661
, soli 66116 166, 16 16666666 116, 26. 6, 16. 111, 616661.
‘solidationis 16616 solidationes 237, 1621613 sonitum 114, 8.
108,30 113,12.133,3.13.272,17 sonitu
113, 22. 130, 19. 137, 2. 666, *1126
sonitus 112, 11. 113, 9. 1366 so·
666666 *6,16.*116,16.66.114,4.
*116, 19 sonitus 6, 7. 1367 soni·
1111116*136,10

Ι
solidescit 61, 26 solidescunt 11,19.
1212 6611166661 43,16 661116-
scendo *166, 7. 16611
*solidius 167, 23 soliditatis 11,21.
4616 soliditatem 6666. 41, 6.

 

