..129-

summatim 146, 11. 148, 19
summisit 167, 14 summissa sunt
111, 11 ,
sumo 11111111116,1θ sumpserunt
159, 16146, 6. 173,1 sumitur 165,
19. 257,13. 158, 10 sumuntur 48,
' 16. 171, 6. 169, 7.171,1 sumatur
1111111. 113,11. 131, 11. 113,
7.1 5, 21. 112, 16 sumantur 137,
.2. 142, 1. 214, ιο, 1311 sumeban-
tur 113,1 sumenda est 16,13.
111. 111. 111, 11. 131, 11 sn-
mere 148, 13 sumpsisse 104,2
sumendo 168, 19 eumentes 101,16
1111111111 11, 18

, ¹ sumptuosuslms sumptuosse14,18
¹ Ι »111111117161111.107,1311111-

munmsmsms
sumptus 4,2 sumptuum 141, 10
sumptus 71,19. 133,17 sumpti-
11111814
3111111111
81113111· 111ἶ·ἐὶ.ἒ.“11ἷ1111
11. (111, 1. 131, 11.) 111, 1. 1111.
111111111111111, 11
1111111111*64,3 1111111111151118,18
1111115111 167,14 superbis 5,6
ἽΠ5111115917’1110’11411119ξῖ111111θῖ1
superciiioruni 66, 171) ’
*supergressum *119, 17
(superlationem *67,9
supernas 17, 13. 60,16 1111111311-
11611
supernus’de superno ⁴283, 13 de
superuis 160, 6 - superne odo.
212‚15.2rr,2
supero superet 2, 6 11111111111111 .
6, 1 superarit 46,18 1111111111111
67,1 superare 64,13 superando
119, 11 1111131111165,14
11111131111111111511.71,11-11111-

superiora 106, 13. 191, 10.114,9.
19. 101,11 superioribus 105, 6.
1111111111111. 11, 11. 111.
121, 10. 161, 2211, 18

summus 11,3 summa 74, 16. 81,
8. 87, 16. 96, 10. 97, 616. 187,1.
119, 1. 158, 14 summum 81, 4.
11111 summ112,12.2os,21 sum-
mae 64, 19. 81, 3. 91,19.100,1
summum 8, 20. 2,1. 65, 1215. 109,
10. 132, 21. 135, 28. 273, 2 11111-
111111,1.11,1.1.11,11.11,
10. 66, 1081, 15 513. 85, 1. 20,
12. 111, 11. 111, 11. 111, 13. 111,
1111113,11111111111111,
11.131,1.11.113,11.1111111111
summum 7, 20. 38, 11. oso. 81, 11.
159, 12. 228, 17. 130,8 summo 74,
21. 119, 6. 281, 5 summa 2. 7. 31,
16. 50, 2. 58, 7. 97,10.99,13. 115,
1111111111.1111111111.
11. 111, 11. 111, 11. 111, 11.,111,
11. 111, 11. 111, 11. 111, s. 111, 1.
161, 3. 163,10 summo 60, 6. 65,
13. 76,17. 86,14. 114,11. 15611.
171, 19. 118, 11. 11. 119, 7. 147, 8.
154, 7. 16.174,16 summae 118, 10
summorum 110,7 summis 96,11
summos 113, 3. 111, 1,. 111, 1. 1.
2122 summas 11, 24. 11, 11. 111,
1. 111, 11 summu 1111. 111,.1.
141, 13 summis 63, 4, 11, 4. *109,
7.74,8.161,6.193,7.106,16-
11151111111111111 118,19 od sum-
mum 111, 21. 111,11.111,13,111,
11.174,11 in summum 149, 6.
157, 22 ab summo 79, 7. 147, 11
de summo 5115 11 summo 14,
12. 11, 22. 22, 21. 11, 1. 2. 11, 11.
111, 11. 21. 111, 11. 113, 11. 111,
11. 111, 11. 240, 22. 1111. 111,
3, 22. 154, 9. 260, 11. 268, 0. 271,
1111111

uacuis 184,15 supinus 66,1

ω11η1ω111111 11 11Ρ1101175111111ΡΡ11115151118145811
135, 13. i2.'11,21'. 171, 3’ 1111111111111111111111111 (67, 9.) 11, 6
164,14. 16 superioris 146, 11 11111111 supplicant 101, 10 suppli-

-164, 11 1111111198, 15 - 163,

cantes 96,7

15 superiorem 81, 16. 11319. 115, supposuerunt 86,5 supponitur 148,

1. 149,1 111111119610 superiore
11111. 111, 1. 111, 1. 111, 11 sn-
periores 111,11.1ο1,11..111,1.1.
170,13 superiora 2810. 106,17,
116,4 111111ο11111107,13. 113, 13

14 supponantur 17ἦ1 1111111111-
111 161, 1 suppositum 1111164, 10
suppositis 161, 16 supposito 166,
16 suppositi 161,14 suppositos
11111

superiores 109,11. 106, 6. 143, 14 (supputationem ei. Schneider 67, 0)

vitruvius.

 

