-101-

praeterea 6,20.6,3. 27, 17. 1811, 69,
11. 11, 1. ee, 11. 111, 1. 111, 1. 111,
20. 124,13.143,17. 14411. 11628.
111, 1. 111, 1. 111, 11. 111, 11. 111,
1ο. 111, 11. 111, 3. 1111111111.
111, 11
praeterit 118, 19. 226, 3 praetereunt
10,11 praeterierunttbt,1 pree·
1111111111. 261,13 praetereundo
258,13 praeteriens 81, 3. 225,1.
226,1 11111111111111186, 13 prae·
teritorum 11, 11
praetermittam 1111. 1111. 1111
praetermisi ’2361 praetermise-
runt 111, 10 praetermittendum
. 11111)1,11 11112823
praeterquam qnod 116, 8. 217,12.
&praeterea 11111
pransitare *1 88, 11
(pravis 18320)
Praxiteles 158,17
prelo 117,18 prela 244, 17. 215, 19
prelorum 211, 16 prelis 117,11
premit 215, 6 1111111111251, 1. 13
premeret 137,17 premitur 181, 17.
147,13. 178, 6. 211, 11 premuntur
181, 26 pressa eet 116, 15 pre-
mere 11311. 177,18 premens
2³,1 prementes 112, 22 pressae
131,21. 1111. 11 1111111111
pressum 218, 2 preeei 152, 21
[1111111118
»111111πί011 252, 21. 258, 3, 8. 10. 251,
18 1111111111253, 14 11111111-
nibus 213, 6. 254, 3. 260, 8. 14.
232, 22
pretiosa 175,11
χὲ111111111 retia 18, 26

111, 11 - 111, 10. 111, 11. 113,
1111113

prins adv. 33, 4. 51, 22. 216, 9.
111,1,11

primns 72,11. 16, 16. 17. 160, 8.
1ο1,11.11.111,11.111,11 prima
11,11.11,11.11,1. 1111. 121,e.
203,11.2ee,1e primum31,21.111‚
14.113,11.141,1 primo 11111.
61, 25 primum 117, 61 pri·
mern 110, 1. 111, 11. 120, 11. 111,
1 primo 1111. 111, 11. 111, 1.
11111. 1,11. 1111. 11,11.,11.
mmmmmmmmfflm
11.(111,1).111,11. 13 primae
31, 4. 108, 27 prima 114, 22. 115,
11 primos 31,10 primae 227,12
1611111111. 111,1.111,11.(111,
11) - inprimis 108,2

primo adv. 2, 6. 18,16. 36,1.
111, aare 101,20. 1111. 111,
111111111111. 1111 ψ pri-
mum adv. 1, 16. 3, 22. 12,19. 13,
22. 14, 13. 16, 27. 22, 20. 24, 17. 31,
1. 31, 11. ee, 21. 87,11. 32. 1111.
mmmnamamamm
1111. 11, 1. 11,11.11.11,1. ea,
11. 111, 11. 111, 1. 111, 11. 111, 1.
11. 111, 1. 111, 13. 111, 11. 111, 1.
111, 11. 111,1. 11111. 11111.
111,11.111,1.111,11. 111, 11. 172,
8. 175,1t. 176, 6. 23. 177, 2. 130,
1121. 1111111113.11111111,
11.111,1.11.111,1ο.11.1,11111,
16. 237,5. 25. 2431. ll. 216, 2.
11111111,1.111,11.111,1-1.
quamprimum

aprircorum 111511. 167,7
pristinae 41, 21 pristinum 178, 19

rienae ,4. itae Prienen *837 pristinam 11, 25. 201,6 ·

primo primurn 11. prior
Xprincipetur 11, 23
*principatum 8,1
1111111111111181, 11 principium 31, 16. 116,2 priuatarum 101, 21 pri·
183,14 principia 15,21. 17,18. 1111111111]2,11.11,8.118,21.181,
11,11.111,11.111,11 principio- ,
rum 37, 1. e. 11, 2. 11111. 111, 11 111, 11 pertransiet. 111, 11

11 111111111111.1111111111.

priuatim 8, 20. 111116. 207,13. 213,

1. 111, 11

priuatus priuata pi. 38, 7. 17, 18.

10.131,10. 162,10 priuatis 154

priuatis 83, 2. 103, 21. 115,7

1312 prrrrerprre 11, 8. 11. 18, 7. prino priuabantrrr 199,2 priuata
11. 13. 17. 1117. 11,11. 56, 26. 59, inent201,13
11. 88, 8. 188,11. 210, 23. 231, 12. prinsquam 41, 26. 108, 11

111, 1
prininir *111,11

prinus priuis *19111
pro 2, 11. 26. 4, 9. 18. 1, 4. 21, 4. 13,

prior 111111111 priore 221, 7. e. 11, 11. 33, 7. 111. 11, 11. 11, 1.
111, 11 priores 111, 11 - 111, 11.11,1.11,1.1.11,1.111111.
1ο. 111, 11. 11, 20 prioribus ‘10⁰‚4 111,1.111,1.111,11.111,

 

