,86.-

1110111110 86, 88 01101111 868, 1 011101101181,13.
’001111184,86 001110100136, 16 *810, 88. 868, 6 0110100 018116
nutriuntur 135, 6 nutrita 0001 838, 8 0110110110 863 1 011101111-
*n ὲ36,181ἒἰ ιὲ1ἒ1191ξ131,680 0010110321 ,914 tcbs262m16 188110111ι111101111110 860 8
0111 0011010 011111
11101001 1,4 nutri 33, 22 obuium 81, 80. 148, 84
‘bympbail 64, ,80603 χοεὲἒῖηιΓΩΙξέθᾞό, 83 occasus acc.
· m oorus ¹
y p ³ 1 0001011001, 18 occidentis 136, 88
ob quus ob res 86, 83. 134, 6. 833, occidentem 16, 8. 10. 144, 14. 80.
01001 25. 145, 21. 101, s. 1. 100, rs. 220,
· 00101001103,16 obici 888, 16 . 36 8861111013. 8861816 0001-
obligantur 8480 obligatusesscm2,8 dente 16, 16. 84, 86. 89, 14. 880,8
0011010101*810,1 oblitum 0111 800, occidente hiberno 14,1. 86, 18.
13 0011118101 186,3
obliquam 810,3 01111001*136,81 occidunt 831, 81 occidens 144,16
-· oblique 868, 18, 11. 80. 816,1 00010001001191,10 0001110010 886,
oblonga 105,13 10144. 111, 1. 143, 0 occidentibus 111, 15
4-0510i1gius‘110,1 oblongio- occisis 51, 23
res 01, 4 occultatur 810, 86
-55010111113 68 3 0110100688 00001100 68, 13 00001110 103,·81
0111111101 66, 81 obruatur 181, 6 ob· -wccupstionibus 1,1. 103, 86
ruti 0001*64,8 01111111 81, 86. occupent 146, 89 occuparent 51,8
ubiiiulaitionibus 888, 11 1111111111,ὓ 81713118 85101ορί1111111111
1010001111110888,9 obscuritatem 31 186, 16 occuparo 141,18 occu·
16. 103, 16 obscuritates 146,12. pauisse 80, 80 occupans 46,1·8,
888, 16 occupatum5, 18 000000101810,10
obscuio obscurent 126, 16 0110011 xoceanum 131,10
ratur 14,.11 226, 4. 23¹,13 obscuufflaoehrasi *1101
rantur 61, 4Ι 11, 9. 111,13, 810, 84 χ0011011011100 861, 10
obscuretur 819, 16 &worchiis-*octagoni 254. 80, 11. 89, 83 0011-
1011441 0100111110113, 18 ob· 1100011804
scutatis 68, 3 octantibus 861, 86
obscurus 0100011110,16.886,18 0011011100110111.*10,11-001101γ
obscurum225,1 00000100148, 81 100108 8111118, 6 octastyli 181
ο60001031,1.103,0 obscuruium octus 11100 *18 11
18,1 0111011110 104,16 obscuris 0011111 81,6.13,86.18,.6868,3.84
881), 1. 229, 12 06111000 86,13.66,13.13,10. 18,
,1-01100111111000 818, 88 0110010111001- 4. 241, 14. 18 octauam 113, 83.
bus 3011 11010. 101, 1110. 01011 oeta-
obscruc obscurabitur 14,13 011001- 0001 868, 1616 001111081816.
ueto. 0101 104, 15 obseruando cst 880, 9. 886, 10 0010101 11,10,*18,
86, 86 obseruandum est 163, 1 11. 88, 1. 0. 86, 4. 94, 88. 148, 8.
obseruanda sunt 46,16. 135,1 86018
0111010101θο 34,9 0010 86, 8. 86, 16.-8116, 16. 61, 10.
obsolidsto *3018 13,11. 14,21.1e,2e. 10, 0. 101, 1.
«obsonia 10, 10 110, 4.- 251, 1. 110, 1. 100, 1. 10. 21.
*obstantiam1³1,13.188,s.251,25 241‚1s ι
obstantis 265,16 octogenarius 208,1

obsto obstant 140, 80 0111111111 64,3 octogensimo 881, 14. 16 octogesi-
obstare 148,10.14 obstans 113,6 ruas 011601. 43, 81
obstantes 181, 81 octoginta 141,11
01011000136,3 obstruxisse 190,3 octonae 69,21.*2ss, 18 octonum
obtinebit 168, 25 “ 808,4
obtingo obtigerunt 33, 86 χο011100 14, 1. 96, 8 001111 16, 8. 10, 4.

 

