,88-

55, 15 operas 72, 10. 158,15 -

oppugnandum 21,10 5111511555-
511515 11115115 162, 26 operam dus 272, 23 oppugnando. 22,19
dare 111, 15. 515, 15 - 515155--351111555 1,1

operarii peu. 244, 17 operarum-amuis (opticus) 8, 20

2519 operis *1502 — *24115 5111151555. bonus

*operarii 254, 25
4515156555 66, 28
-51151511111111 193, *3. 12
19313 ο1151511115181,13
-operimentum 271, 11

opto optamus 23,4
opulentiores 150 11
operculo 5511515,15.5 151555531115155,

11155551151, 15155, 553155,
553151, 1155515155 operis

operio operiatur 151, 1 511511515Ὓ1, 20. 5,11.11,11. 11155115, 1.

“ 151, 5. 555, 15 operta. 151, 15
operosam 107, 23
*ophiuchos 229,8 ophiuchi 229,9
1111111115 50,8 opinionem 60,2 opi-
1115115507 ο1111115115514,5
opinor opinans 184,8 opinantes
51,21
0p015858, 10. 18. 4, 5. 5, 15. 5, 55. 55,
5. 1515. 11511, 1.88‚22.05‚18.
88, 5. 105, 5. 15. 55. 15515. 115,
24. 126,16. 148, 9. 13. 164,1 -
c. coni. 5, 2. 7,3.6 - opor-

· 151115, 55. 5555. 55, 1. 52, 12. 51,

· 11.15.55.15,11.55,55.55,5.151,
25. 124, 2. 138, 21. 140, 14. 148,10.
151, 1, 1. 155, 55. 155, 55. 1551.
185,21. 205,17. 25912 oportuerit
5,11.51,15.515,15 55511515 5, 5.
11, 55. 51, 55. 52, 0. 80, 21. 51, 5.
151, 1. 1551. 122, 11. 18. 1511, 55.
181, 24. 155, 15. 155, 15. 151, 15.
55. 155, 511115, 55. 151,15.155,1.
151, 2. 155, 11. 515, 5. 11. 228, 11.
273, 25. 274,2 oportuisse 80, 21.

*o 52,18,54,12

οξὲξξὲἓῇηθέἆιῧω, 15. 1551. 151, 1.

1

*oppidum 20, 8. 55, 15. 155, 15. 5551

oppidi 203, 7. 12 oppidum 10, 4.

55, 15. 51, 15. 181, 11 oppido 1,

14. 20, 22. 30, 5 oppida 18, 24.

21,16 Ι5111111115 116, 22

÷opponum188111510 14 5111151111-
1111515111 30, 2. 183, 7 5111511551-
1515 1,11. 128, 22. 1349 oppor-
tunitates 20, 51. 115 - 511, 15.

oppre'ssionem 55511

opprimit 121,11 oppressi 511111 2343

. 151551155651151 212, 52

oppugnatorias 280,15 oppugnato-
riis 272, 19

oppugno oppugnaret 273,15 oppu-
gnetur22,2 oppugnaretur 28327

11. 14. 51. 15, 55. 15, 24. 51, 1. 15,
55. 11, 5. 15, 15. 15,12.82,15.80,
5.81,18.05,24.100,r.101,11.118,
51. 155, 25. 128, 1. 188, 80. 158, 11.
155,15.515,11.511,51· operi 151,

25.151,15 5115111,11.55,15.111, “

15. 15515. 151,5.,111,1.515,11.
18. 212, 1.-515, 1. 555, 15 opere
4, 10. 9, 9. 338. 44,27. 65,4. 9028.
94, 23. 93, 17. 108, 8. 119, 5. 123, 7.
128,18. 14317, 145,4.149,24. 165,
20. 1555111. 111,1.115,11. 155,
21. 210, 2. 224, 18. 242, 12. 14 233,
26 5115152, 14. 13. 13, 8. 39, 7. 46,
7. 47, 25. 5113. 5515. 64, 10. 81,
1. 154,1.243,16 5151551102. 12,
18. 5515151115. 15. 5821 (551.
73, 6. 75, 11. 87, 7. 90,13. 101, 27.
1555. 51. 155, 22. 1515. 115, 28.
148, 26. 1541217613. 246, 3. 23
operibus 5, 11. 00, 0. 152, 24. 133,
13. 175, 5. 20 opera 48, 456, 18.
63, 15. 18. 163, 7 oporibus 4, 6.
7, 8. 14, 12. 43, 19. 50, 1. 53, 26. 56,
3. 21. 25. 58,1.13. 62, 10. 64, 27.
361418. 34, 15. 83, 25. 39,2 bie.
6.10.21.20,2.93,10.122,22.124,
13. 139, 23. 161,1. 162, 5.,165, 14.
115, 55. 28. 115, 5. 155, 8. 181, 1.
211, 3. 10. 1244, 15.) 247, 20. 234,

«111 - opus 551 2, 22. 14, 8. 52, 20.

144, 15.(26.)173,1.243,11.257,10
opus 5555111 51, 5. 131, 21 opus
eril 53, 3. 271, 22 opus fuerit 10,
3. 130, 10. 143, 20. 147,17.165,15.
213, 15. 10. 277, 11. 250, 20. 276, 3.
277, 15235, 13

-orom *433 oras 61,7
*orbiculus 240,13 orbiculi 240, 27.

241, 3. 10 orbiculum 246, 10. 11.
12. 247,Ῑο 12 orbiculo 240, 20
orbiculi 246, 9. 26 orbiculorum
247, 23. 243, 24. 249, 14 orbiculos
218, 8. 515, 51. 515, 5. 1. 8. 5151.
5.515,5.5,11.555,1165.

 

