-134-

6161616) 11,11

Teano (theano) 2662
”tectores 169,7.180,14.182,19 66·
66611666 18619

46, 8. 57, 5. 58, 7. 69, 12. 168, 28
temperaturae 1681666 6616-
1611661616, 4. 189, 3 tempera·
66116 626116 6. 1862 ’

*tectorium 38,19. 169, 22 66666111 66616166661161662468 tempera·

166, 21. 161, 23 66666116 8611.
41, 2. 1267. malo. 170, 12. 176,
14 66666116 68, 41. 40, 16. 17. 168,
17. 20. 169, 1. 1214 tectoriorum
6616. 611. *11116 116, 6. 111,
111116 tectoria 166, 16 16116-
111116,16.11,6,16,16.66,11.116,
24. 169, 17. 173, 2. 181,7
*tectum 117, 26 teeti 100,l8. 101,
10.107,20.174,4 66666616, 6.
1111. 1111111116 16116661.
11116 16116 6116111116) te-
ctorum 61, 11. (161, 16) 11611 61,
6. 9. 35, 3. 7. 19. 106, 23. 174, 1. 16.
18 666611312656118613, 128,
24, (144, 2.) 166, 11. 174, 2. *2118
*1663611116 169, 24)
tego tegebat 474,8 tegebant 3111
66116 31, 19. 86, 26. 216, 11 texe-
runt 3415. 52,4 tegatur 2772
6636116111 8611. 216, 26 tegete
tur 214, 21 (tegebantur 27616)
6666611116 62,11 tectum 6116 2114
6666661666166, 8 tegendo 246 16
tegentes 36, 612 6666113622

616 283, 22 6661616611 18118.
168, 6. 181, 1.182,3 66616166661
266, 4. 272, 18 temperetur 1661

temperentur 37, 7. 166, 20. 2161

temperarentur 198,7 tempera· .

bitur 18, 13. 164, 24 temperata
616 6611 temperatum 616182, 21
temperatae 61166169 temperata
61111641,16.264,14 temperatum
11624620 temperatae 11662166
temperatae 6116116 33,1 66111116·
rata erit 166, 26 temperare 277
12 temperari 118, 27 temperatam
6666 155, 29 temperandum 23616.
2561 temperantes 182, 24 tem·
perata 66, 26 temperatam 179,1
temperaturae, 16 temperatae 44,
41. 1116 1661611111111161,
29 temperatae 16, 2. 188, 1. 214,
111111 temperata 1611111,
26. 223, 8. 246, 18 temperatis 249,
24- temperatissimae 1862 66111-
116166111111161224,16 temperatissi-
mae 18, 26 - temperate 18, 6.
111611111111, 11

tectum 35, 20 tectae 88,.90. 61661661111116116 tempesta·

tectae 3611 tecta 3111 666611
16,14.178,16.46,1.128,12

ἼΕ6363166616631366, ²2⁵.
16112. 110, 14. 18 tegularum 170
15. 174, 1616 6636116832 6636-

tee 21, 26. 127, 8 tempertatium
Ἢ,6Ἢ6Ἢηω
tempestates 3118 tempestatibus
19, 23 3316 89,24.45,6.22.,46
13.16,11.11116.116,14 129, 9.
186, 3. 188, 17

lae 63, 6. 83, 6. 88, 16 tegulis 36, tempestiua 666
1611161111.11116.111,16·16111116616’,161111111116161,,

*tela 6616111111 246, 12
4616616661*160,26.161,6
7616612620
11411616616611) 66, 20
*tellus 184, 18 ’
(7616666116 664 es. 6)
*aerum 6616 217, 16 661616616, 11.
22, 4. 60, 4 16161611 telis 1613.
116
temerarior 2868
«temperatio 1113 6661161661611616,6
temperationes 18626
*temperatura 12624 temperaturae
18, 4. 41, 16 temperaturam 2112.
11, 11. 61, 1e. 1616. 166, 11. 111,
611111 temperatura 1111. 11.

18. 185, 5 1611111616111111.
*1111 661611168616 templis 16,
111111 templa 61, 11 templis
616. 144, 41. 144, 41 - templa
100, 17. 90, 4

&temprte 66111111 229, 16. 286 7
,1661111161 126, 4 6616116111 224, 8 6661-

pus 61, 11.66,16.66,6.16,16. 54,
1656457,16.86,28.144,26.181,
1116111.11111111616111 ,
tempore 1,8. 15. 2,11. 1616. 21,

11. (61, 1616111611166116.
16116. 144, 17. 166, 11116). 166,
6. 1116. 166, 1111111116, 1116
temporum 6111. 1111611111
temporibus 239, 19. 284, 22 tem-
pora 111, 11. 161, 11. 16111 166-

 

