..04-

indignanen6ur 167,7 indignandum 1111174,19.16.78,17.81,4111166,
64,6 indignans 111, 11 11611111- 111116.11.16,11.*61,1.61,11.
966 61,6 indignam 216, 11 97, 94. 100,9 imum *139, 30. 166,
1111111616 37, 19. 99 24. 264, 13 11111116 1111116789,
indo inditur 111,1.116,11 in- 1116,11.’61,1.*66,11.111,1 imi
duntur *246, 9. *2¹12, 9 7117119111 98 7116, 97964, 76 7116“87,19.
186, 8 imum 106, 9. 246, 12. 19
im6m82,14. 126, 21. *226,12. 246,

6
«117771111711166111111111111
111116119196, 17 inducat 179, 1 in·

duxit 118, 91 1111161911171, 16. 18

inducuntur 176,8.9. 969, 16. 2666

’ inducatur 162, 16. 11611. 16. 164,
20. 161, 1. 16116. 161, 21. 166, 4.
166, 11. (163, 16111, 16.) 111, 1
inducantur 164,9 inducerentur
949, 90 1141669111 180, 91 indu·
etm'n 669 178, 16 in3ueti sunt
168, 10 1117169111 6119 168, 93 11-
111676 716119 166, 19 inducti 716-
1119 168, 19 1117169116 978,6 in·
ducto 61, 16. 66, 11. 111, 11. 164,
21. 166,2. 166, 20 inducta 166, 6.
170, 96 inducti 166, 6. 946,6 in·
1116916 163, 18 16168911171661-
1708 778, 93

111716916166 948, 9

(induo 1117111961 946, 9. 979 9,)

7161618013 ·

161111. 116, 5 imum 11, 11.

- 111,1.1.116,16.111, 16. 161,11

11161, 1. 6622. 116,1. 214,4. 116,
96. 947, 73 imo 66,16. 170,1.*2·23,
99 imorum 110,7 imarum 36,1
imiss2,6 imos 1166. 2466. 1111
imas 111,-16. 14. 1616. 24614. 266,
11 1111766673.16.66,6.108,17-
1111111111 66,18.76,99.177,90.
908,17. 948, 7. 949, 4. 6. 266, 23.
969, 18- 1111111963, 8. 979, 17
- in imo 49, 14. 49, 96. 81, 2. 99,
91. 97, 9. 98, 9. 17. 117, 17. 191, 11.
*111,11, 111, 16. 110, 6. 16. 111,
14. 246, 11. 24. 246, 6. 947, 3. 96.
161, 11. ’111, 11. 111, 11. 11111
- ex 11116 *1416196416 - nb
imo 42, 24. 4416. 873 107,4.176,
8. 163,14. 178, 18. 938, 73. 963, 96
-1611116191,17

1116619111 36, 97. 68, 94 industriae 11761116 60, 96 117611196109,1
12, 6 industriam 176, 9 1111169116 1176691111 989 4
8,7. 63, 7. 18. 176,3. 904, 99. 937, inficiunt 189, 97 (inficitur 181, 24)
6. 281,6 111716911168,7.166,11.116616196618,39 717669118917
919, 99 infigo 116119 960, 7. *16
11661119*991,16.997,17 11111161, 1161196161 1171119111 37, 96. 66, 91
6*1,68 14.191,13.191,1 inie- infinito 1’66, 10. 904, 8 7717717911. 69,
runt 9007 1116119 9996 inire 19. 187, 21. 7196639169 117111-
908, 12. 938, 18 988166,8 infi1616163,4.161,12
71619166 173, 70 11611966 46 17. 66, 99 139, 91. 768,
Ὶ7717811176 183, 8 11 186, 1. 979, 13. 949, 90. *266 17
infans 89, 9 infinitis 87, 97. 49, 91. 108, 99
Ν1176691116. 11119. 1899817. ep 809, 7 1161111917,98
1176176177, 16. 78, 9. 196, *6, 19. 199, 1116111611611111189, 8 1161161646
11136,’13.116,6*136,11176116-11611111 178,17
116 118,16. 186, 1. 94811948111171116116 960, 1 11619761611188,
263, 94 inferiori 78, 9. 98, 16 11· 1190618 6111616111 in·
761161611994,99.946,18.948,9 6116111616198,13
11761111 *9811 117611616199,76.11661161166194,10.960,8 inflati
*960, 11 111416111111116111.1111
106,16.106,4.118,*7.17.*976,6 116117161,1.116,11,1,61 26 in
inferiora 75,16.166,10 1176176-171111916,1 1161119196,19.940,18
11111706, 23. 11416 1431111118 influens 123, 18. 184, 8. *191, 1.
11761611311109,18.970,94 1176- 938,3 1131619111 988, 90
riores 106, 6. 960, 4 11761611978, 11716 11176 80, ’.6 239,16- 6. nce.
11 inferioribus 192, 90. 219, 14. 67, 12. 78, 77. 700, 23. *121, 14. 960,
974, 10- 1161116 9487 116-6.'261,11 .
11111*911,10 1161161188,-4 infractum 189, 19 infracti 139,13

 

