- 39 ..
251,13 distabit 93, 19 distans 21,1 (1111111111311102,20 11111111-
113, 3. 223, 3. 13. 2221. 2111 tatibus 22213
1113111133 2311, 21. 213, -3, 114, 2ο diuinus diuina 11. 13313. 131 11
distantia 22 28 1111131133 110, 25. diuinae 185, 7 1111111121819. 231,

119,8 ‹listdntibus 112, 7 18. 233,1 diuinis 215,6
distribui 34 20 (111111111187 8 (111-311111111οηί3, 251, 21 diuisione 26,19.

1111131111166, 20 distribuitur 91 72, 13. 115, 21 1111111133 23,11.

11.111,1 1111111111111181, 11. 90,
9 distribuantur 30, 9. 99, 20. 105,

211, 13. 29, 24. 88, 31. 92, 17. 2511, 21
11111110111113331152,12.18.169,12

5. 118, 28 (111111111331111230,15“1111111111111 133 2 diuitiis 133, 3
distributa sit 203, 23 distributae 11111111*261,1 diurnum 227, 17. 261,
essent 150, 21 1113 nburfuerrnt 20 (1111111227, 20

166,7 distribuendae sunt 26,11.-1111111111113311 55,15.57,17. 58,19.

30, 25 dist ribuero 138, 16 1111111-

61,1.20

1111,,99 1 distributa 3111112125 11111 turnus diuturna 155,17
11111111111133333201111113111111113 1111111359,18 1111170, 18-(11111

23,1

diuo 13, 1. 70, 9 u. diu)

1111113113 11, 11 13, 23. 30 ,..(21123 10 13111 1111, 10 1131331131, 22 dabit

107, 23 distributibnis 14, 22 1113-
111111111111311160,21 distributione
11, 13. 13,13. 72,23 distributiones
15, 4. 3. 34, 25. 38, 23. 83, 24. 91,
19. 93, 3. 98, 14 - 13191, 13. 148,
26.172,10 distributionibus 102, 21
disturbat 110,5 disturbant 109, 27
diu sub 1111(11111)*13,1. *70, 9. ³³33,
13. 123, 14. 124, 2. 143, 21. 164,19
· 1111 3113. 13,23.13,13.141,23 diu
1113 1118. 11, 21. 33, 23. 131, 23.

180, 23 dedi 1331 (1311112020,
157, 23. 283, 1 113113111185,2 de-
dorit 270, 21 datur 19, 10. 71, 15.
113,10 111111. 257, 23 1111111132,
18. 213,7 111111· 13,1187,19.99,
111111.113,3.123,3.111,1.13.’
143, 7 1131111199, 15. *105, 13. 111,
3. 147, 18. 271, 5 1111111311162, 26
11113111,12.218,19 1113113121.
1334 1111131312 dantes 133,13
(1313332111

. 13331. 133, 3. 132, 3. 2111, 10 doceo docui 34, 23. 33, 21. 232, 3

111131133111111216,15 (1111113313 docuit 157,3 docente 158, 20
216,6 · · docilem 3,10 docili 31,11

. ‘idoctrinum 273,17 doctrinarum 3, 8.

diuersae 25210
diuidit 133 iiuiuunt 3333 diuidi 1, 23. 34, 13. 131121. 133, 3. 213,
21, 1111133 diuiserunt 111, 12 1. 211, 1. 312, 13 doctrinis 3, 3.
diuiditur 133,22.133,3 11111311- 10,1 431.s,3.13.3,1.13,3. 132,

tur 31, 21 1113113111 121. 3. 73. 213.131,21.213,111

13. 11. 14, 10. 13. 15. 17. 77,11.-11311133113111ο1111111 132,3 doctis

1.·3. 21. 3ο, 14. 13. 31, 13. 31,13. 132, 23 doctos 31, 13. 1322 doctis

33. 32, 1. 33, 12. 13. 33, 23. 31,1. 1113- doctissimi 213, 12 133113-

23. 33,1..33,11. 13. 100, 3. 1131. sime 21, 13. 32, 13

123, 4. 141, 3. 1113. 24. 219, 1081101112113 dodrantis 163, 11. 216, 18

270, 1. 271, 1 (9) diuiduntur 11, 14. dodrante 75, 19

13, 1. 33, 14. 111, 13. 213, 21 uiui- ‹roimnialia 2111

1131111257,25 diuisa 311 15, fir-doliorum 141,10 doliis (1101311)

diuisus sit 236,6 diuisa sint 231, *113,13'. *181,12

13 diuisum 31112702 1111133113- dolo dolatur 155, 24 11113113 31,11

11110312141, 2. 215,1 1111111311- dolore 191, 25

dns 31122 5 11111131113311 73, 15. dominicus 1,75· 3

78, 21, 81, 113 diuidendae 1111 dommus dornrnr 154 10 *11 domino

29, 12. 14, 20, 11, 23. 93, 1. 2311, 2 173,11

diirisa 141, 13 11111110 ’211 23 111-111111111111313 130,1

11131 92, 2. 263, 23 diuisae 207, 6κ11111113 19, 11. 17. 50, 27 domum-49,

(1111126,14.201,12 diuisis 30,1. 9.25.118,21.203,3.211,25 domo

33,14.113,3 51,4 1111113119,18.22.150,5
“diuinitati 14, 5. 35, 19 diuinitatis 1111111311,21.36,10.19,1.17116.

 

