...45-

1111111111
eripiunt 190,8 eripiant 221,3

ΜΜ1111Μ111
11111011111

15111112112 1111111161111141,
24 eripere 9,14,179,7 ereptum

esse 43,9 ·

„erismae 153, 12 θ11111111ο111111*244,9

-1101115111 130,14
errabundas *83, 15
erratica 186, 17

«ouationes 172, 21

209, 1. 243, 18. 244, 19. 247, 25.

111111111

111111111
1511111111
*111Μ11111ω1
mmmmmmmmfflm·
11111111111111
wa

erro errabit *116, 9. 185, 21 errasse etenim 89, 8. 173, 23
9, 8 1111111111 36, 22. 76,13 erran-*etesiae 127, 11
11111111111111111111111111111

1errorem 87, 31 errore 175,19
eruderandum 1111 162,16

1111111151111 -138, 22 erudissent 132,
18 eruditum erse 83,19 erudien-

dum132,23 11111111111 3,13 ι
1111111111111
1111111111 196,6 1115111111
188, 6. 195, 12 erumpet 208, 23
Erythras 85, 8— Erythraeorum
*161916101812520119
wmmwmwm,m

11 1111111111- -*11 9, 20. 12, 20. 54, 24
11111111ω11
11Μ1Μ1Μ1Μ11
mmmmmwmmmm,

mmmmmmmmmm

mmmmmmmmmm
1111111111
1111111111

mmmmmmmmnm.
1111111111
111111111.

mmmmrmmmmmm
1111111111
1111111111
1111ῌ111111
11111111111
mmmmwmmmmm
,rmmmmmmmmm
111111111
mmmmmmmmmm

rmmmmmmmmm
mmmmm

1-11111111111
11, 11. 11, 11. 11, 11. 11, 1. 1. 11,
1111111111
1111111111
1111111111
1111111111,

,1ω11111111
11111111Μ11

17. 23. 28. 17, 1.3. 19, 12. 30, 13.
1ω1111ῃω1111,
1111ω111111.
1111111111Μ1
11ω11111111,
1111111111
11Μ11111ω1
mmmmmmmfflmm
mmmmmmmmmm
135, 14. 138, 13. 139, 10. 27. 143,
1.111ωω111
111111ωω11
10. 111, 23. 111, 1. 11. 111, 1. 11.
1ω11ω11111
mmmmmmmmwm
1Η1111ωη11
mwmmmmmmmmr
Μ111111Μ11
mmmmmmmmmma
mmmfflmmffimmm.
239, 4.,242 16. 245, 2. 249, 23. 26.
250, 13. 252, 23. 254, 1. 17. 257, 5.
11. 21. 268, 22. 269, 8. 13. 273, 22.
277,18.28(1,5.17. 281,17. 284‚10
- (1111111111 *17 22. 22, 4. 56, 9.
11,11.11,1.11,1.11,11,1ο,1.
1111111111
11111ω111111
mmmmmmwmmm
11111111111
11111111111
etiam 121, 2. 145, 7. 21915 qui
11ω11111111
1111111111
mmmmmwmmmm
mmmmmmmmmm.
rmmmwmwmmmmt
11111111111.
1Μ11111ωη1
21 - sedetiam 1, 11. 8, 20. 9, 5.
1111111111
111111111111,
61, 23. 62, 23. 124, 27. 131, 20. 146,

 

