Ι - 110 -
amnnennnffimmmmmmennnmo

mnmnaunnnn
nammwemomm.
155555550515

inmamtmnmmm

mmammesnnm
amnemamamu

963, 9. 969, 19. 984, 19 ratione *9,

nmmmnammnmn

cinationis 188‚7 ratiocinationem
1093 ratiocinatione 2, 90. 9, 9.
74, 7. 115, 6. 116, 94 ratiocinatio· ,
501 11, 7. 110,15 ratiocinationi·
bus 116, 4. 939, 9 ratiocinationes
8,18. 15, 90. 10919. 134, 11. 961,
1 raaocnnusonibus 1,1. 11,11.
smmnmanmm

91, 4. 99. 96, 9. 69, (6). 5. 85,17. ratiocinatur *959 96 ratiocinantur

¹ 1911.10.11,11.11,11.11,10.11,

1555505ΜΜο
551Μ550051
155105115155151
551555ω555

119, 4. *956, 6 ratiocinemur 900,
90 ratiocinabor 67, 8. 131, 19
ratiocinandum 01109913 ratio-
cinari 9491 ratiocinantes 35, 93.
94999 ratiocinatus 91919

uffinmnmmwfflmnm
n.nnfflnwnmemenmmaemmnwmwae‚

189, 21. 909, 1. 914, 3. 915, 18. 216,
13. 917, 1. 6. 999, 90 946,.1. 247, 3.
249, 93. 960, 15. 18. 951, 9. 959, 99.

96 1000 73 19. 75, 1. *30, 17. 84,
3ὲ955,1.19.109,.4 14913 ratis2

954, 3. 24. 955, 3. 11. 956, 19. 957, 1190051190 57, 18 Rauennam 90, 3.

11.953,19. 95919. 9691 969,1,

60,10

6. 97915, 973,5. 974,10.9,.308 1000000 78, 98 10000050915,4 10·

981, 18. 9899 1110101101 4,6. 35,
15. 5916. 0917. 9916. 10996,

5ᾙω9ω5ῃ5ω5

Ή55555ωη51

000110 996, 7 recedatur 170, 5
recessum fuerit 156, 91 1000005·
dum 010 78, 19 recedens 963, 94,
95916 recedentes 14918

936, 1. 937, 5. 941, 25. 243, 16. 945, reeens 165, 19 recentes 88, 17 -

93. 949, 90 *954, 93. 956,4. 968,

40, 18. 99 recentia 46, 6 recen·

1819 9894 1001055111 138, 90 tss' 919, 96 recentibus 976, 94
rationibus 07, 6 1110105019, 161000500551551 907, 9 receptacula

8,.16 106309597 3613 57

907, 6

10. 64, 19. 91, 99. 73, 8, 89, 8. 99570000111051501 97, 8

104, 93, 118, 94. 11910. 164, 7. 1. recessus recessiorem 19915
168,15. 1496. 6. 1499. 145, lasa. recessus recessu 101,5

14919. 151, 8. 15918. 169, 11.-1005051515 946, 8. 19
191,4.173,99.177,1.134,99.913, 10010010 183, 99

9999913911. 996, 90. 93917. recidentes 96,4

90, 973, 94. 975, 9. 17. 984, 91 10· recipit 16,16. 39, 18. 40,13. 419.

0105155113μ74,4.6,.,1679. 1013.
1141911516905169493,
98 9489618 979335937,

· 113 6094 699 71,4.,*8327.

34,19. 85,19. 83,7,80,19.91,13.
94, 98. 96, 19. 98, 24. 10910. 104,
9. 114,6. 119, 96. 29. 199, 90. 194,
wnwfflwnmamm,
amennmnnnma
12. 169,7.96. 171, 1. 172, 22. 180,
5.183,3.135,13.(1,)8919).199,13.
900, 15. 90. 908, 25. 910, 30. 212,1.
8. 214,3.8 919101799918.
935, 6. 936, 3. 938, 90. 939, 5. 252,
9955, 91. 257,.5 259, 16. 268, 99
(10100105155101.3055.)969,9.977,
1Μ5155ω1

13. 96. ⁸64, 24. 597. 10. 193, 20.
*996, 14. 242, 8. 262, 16 recipiunt
annffltnmwwa
memenmn
nmmnmnnmne
mfflnffimnmeam
97999 recipiat 1991 recipiant
817 reciperent 61,18. (95919)
1000501550 51, 991099499917
receperint ’956, 19 recipiaritur
158,10 receptu 010 85, 19 1001·
pere 52, 20. 56, 93. 60, 17. 103, 93.
164, 27. 168,.5 170, 94. 133, 99.
995, 99. 9838 recipiendo 57, 9.
153, 7 recipiens 56, 13. 27. 57, 13.
193,11.960,9. 15998 recipien-
tes 56, 97. 55,1 recipientia 959,

 

