,76-

01οηηο00002000
10010010010000
00001001021000
mzmmmmummnmauu
2mm2mmmmm2mm2m
mmmmmwmmwu
21. 24. 280, 1. 283, 2 cum maxime
2mm

„magistra 244, 22

o 030010100252, 5138, 25 magistra·
551N212, 2 0011001010010020
· ⁸101,81145,25magistratibub24320
Magnes ³²53, 23

11022.20013-001011022310.
mmmmmmmmmm
maius 20011. 24010. 2001011).
221, 20 maioris 230, 2. 240, 10.
22. 241, 1, (6) maiori 53, 21 111010-
rem 51, 11. 10. 223, 10. 00, 14. 222,
2. 230, 6. 263, 25. 274, 3 maius
220, 20 maiore 25, 3. 214, 10. 214,
2. 223, 10. 24010 uniones 212, 0.
12. 131, 0. 140, 20 maiora 33, 12
maiorum 142,3 maioribus 142,
11. 247,1 10010100 28, 10. 11, 4,
0014. 218, 12. 24011 maioribus

,1703000100 70,1. *159, 8. 175, 24.
1001
14000010001111011134,4.107,26 magni-
ficentia 140, 20. 104, 13. 100, 24.
102,4.244,11
m2g111ficusmugnifi22145,16 magni·
ficis 13,15 - magnificenter 23,

210, 13. 200 1402. 5. 2001 10001.
0.10οἱ01·00-10011111100148,23 1110-
xima 30, 8. 153, 3 maximum 5, 15
maximae 254,1 maximi 253,6
maximum 71, 19. 131, 6. 152, 12
maxima 11, 2. 124, 23 maximae
00, 0. 13 maxima 1001010012.

2010014 254, 21 maximos 30104010.
magnitudo 22, 31. 79, *6. 18. 108,1. 57, 20 maximus 46, 5. 103, 3. 129,

1100.140,1.210,1.2000.200,22 3.13021.10002102124024

magnitudinis 65, 24. 96, 19. 114,7 Magorum 183,14

magnitudinem 71,14. 79,14. 1001ωο10000 1, 13 maiestatis 145, 27

12.112,1.110,21.123,2010010. maiestate 0010

12222213· 221, 7- 2105- 2⁵⁰‚10muiores 13, 23. 13010. 100, 4. 10.

2602227211 magnitudine 122· 2404 maioribus 100101000
100,7.114,18.118,28.150,1.161, 0104, 11, 001, 01, 011, 6, 063, 10 .

‹ 10. 100, 21. 100, 3. 203, 2121021. ,1,1,1,,,,,,·191 20
2102. 21021.220020010.200,οἭ,11,,11, 1810181, ῃ

magnitudines 12t,11. 145,18. 10.
117‚2— 105,9 magnitudinum 81,
1. 142, 6. 208, 6 magnitudinibus

*malus 10000111. 231,3 muli 254, 6.

9. 15 malo 213,ss

(11, 15, 131, ὃ, 143, 10, 111, 13, 191, mulus adi. 111010 192,2 muli 153,10

13. 218,24

010110 *122,5

magnus magna 7111, 116,11, 13115, Mamertinum (00. 010001) 197, 12
2000214, 10. 20014 magnum 1222212212 *12018
04, 1, 20021. 21³, 21 magni1322-111211012192220,
100000014016 100000013021. mandauu121,23 ,
123, 16. 140,21.·182, 9. 1901000, manebunt 98, 22 mannent 19012

210, 20. 255, 2. 252, 21 magnum manifestum 215,20
2,5,124‚9 magno 5,14.115,2. muno manat 121,1 manando 42,

2101. 22020 magna 02, 0. 13, 0.

20. 101, 4

101, 24. 100, 21. 101, 21. 10010. mansuetam 3117

100, 0. 204, 0. 22. 210, 21. 201, 0200001110 011102128222
magno 14, 14, 21, 7, 118, 28, 00,-1001100110 261, 21 manubriis 261, 20
11. 231, 12 magni 01, 25. 140, 2000110110 16212

140, 12. 10012. 1001 011100000102110 21013

71, 2. 216, 3. 233, 12 magna 1404011110 228, 21. 39, 5, 65, 11 manum

10. 213, 00. 200, 4. 20013 magnis
63, 14. 231, 13 magnos 212,·6.
214, 21 magnas 3212. 22, 22. 55,
mmmmmmmmm
177, 3. 100, 4 magnis 1, 7. 24, 7.
131, 24. 1001. 211, 1. 22, 5. 24, 2.

16012. 229, 4. 230, 23 ad 01011001
62,22.130,6.184,21.245,26 manu
4, 2³. 10, 3. 25, 8. 31, 25. 40, 5. 60,
4.138,9.159,11.173,24.176,2.
215, 14. 228, 16. 231, 7. 2602 1110-
nuum 66, 3. 252, 24 manus 35, 25.

 

