..144-

180, 3. 2,20. 11622. 3629. 146,12.
161,11 usu 1861 usum 3, 22.
14, 22. 16, 3. 14. 30, 2. 31, 3. 36, 18.
28. 37, 31. 41, 12. 62, 9. 71, 6. 22.

166666666
66666666
64666666
66666666

6666666666666666666366666664616

666666ΜΜ66
666ωω6ω66
666ΜΜ6666.
66666666
6666666ω6
,16666666666
’6664666666
661666166666166
uenire 28,19 usu uenisse 280,18
666666666666.
66666666666666
6666666666
66166666666
6, 11. 6 611. 61. 8. 6466,
66666666666
166666616666
6666666666.
66666666666,
16646666666.
666666666,
6666666666,
6666666Μ66
6666666Μ66
666666666
6666166666.
151, 14. 153, 3. 10. 155, 5. 157, 8.
17. 24. 162, 3. 163, 4. 164, 5. 14.
166, 16. 167,11. 169, 17. 27. 170,
17.20.171,16.175,11.13.177,10.
178,11. 176, 4. 180, 4. 28. 30. 181,
16666ῌΜΜ66.
20761. (9). 208, 12. 17. (20). 209,

“ ΜΗΗ666666.

66666666Μ.
166666666666,1.
1666666666,
1666666666
6666666666
6666666666

666Ἢ666666
„ 6666666666
6666666666
66666

6666666666.

66666Μ666616
6666664666
6.) 66, 14. 1ο. 64, 11. 6, 8. (11,
66Μ666Μ6ω6
1Μ6666Μ6666
666ΜΜ6Μ6Μ6
6.(ι6ο,ι,>4616611416,

16 10, 1. 14, 4. 6 6. 6 1ο. 6
661Μ66611616
666666666
6666666666,
14. 41, 4. 46, 6. 6 6 61, 6. 66.
16666666166
166666666666
161116461616161.1*1
6666666661
6666666666
6666666666.
66664666666
1666666666
166666666
6666Μ6ῌ66
6666666666
Μ666666666
1Ἣ66666666
66,ΜΜΜΜ6,ΉΜ6,
6.Μ6,6.6ΜΜΜΜ6
66666.6ΜΜΜ6
6666666666
ΜΜ61666666
6666616661166
6Μ646666166
6Μ6ΜΜ66.6,1.6
6.6ΗΜ6ὼ6666.6
ΜΜ61664.61,6
1w,mstwmw5ffiw.
6ΗΜ6663.661
6.6.66,66.6Μ66
Η6Μ66466<66
16,Η66666Μ6
6Μ616616616
6ΜΗ6,Μ6,6.6Μ6
6ῌΜ6666666
1666666166666.
6666666666
666666666-
6666666

66166666666
6Μ166666666,
666616666661
6666666666
6666666666
6666666666
61666666666
66661666Μ666
66666666666
6666666666
666666666666

 

