..52-

*Qmemmem
1116μ31113101110
161, 4. *239, 10. 269, 22 figurae
mmmmfflstwmffl‚
9) 611111116824. 236,4 figuras
ωωωηηωφωω
6111113814

,163111110111171 27, 137, 6 6111111110·
nem 66,10.219, 18 figuratione
184,4 6311111011 231, 26

6111101111 61, 26 631111111612.
229,22 68011111111228323117

· 6116611116827123960) figu-
1011111 128,19 6311011668 figu-
10161726 611111108619

’6110016112 filiarum 201,6
6QOmmmmmffl
filio 86, 2 fllium 86, 3. 199, 20
filio 4,23. 161, 6
1111110110

21321. 26824. 264,7 6111111630.
*62, 16. 64, 26. 76, 11. 77, 4. 94,
24. 26, 99, 26. 114, 6. 124, 6. 126,
wwmwmffimfflw.
209, 81209, 10 264, 3. 266, 13 266,
12 60101111(62,16)237,1 60146,
29. 82, 16. 200, 16. 211, 21. 2611, 19
60111 13,4. 91130. 96,11. 98,14.
123,3. 2637 6011 6,16. 7, 3. 26.
16,18, 19, 6. 42,12, 60,11. 62,12,
63, 7, 68,19. 76,23, 89,16. 90,7. 11.
21. 96,19. 97,22. 936. 10314106,
9. 23. 106, 7. 109,.3, 19. 114,1. 118,
10.,28. 122, 14. 126, 11, 1626134,
26. 136, 23. 133, 26. 140, 6. 143, 4.
144,6.162,1.166,1.137,2.11,169,
16. 26. 26, 170,13. 173, 9. 17. 183,

,4, 186,26.190,10,190,19.197,16.

wmwmummmt
mmmmumnmm

fingo 6111111001 173, 24
6111061111 111, 26. 228, 20 611111*112,

mmmmmmmmmw
wmm4
6 61111011166, 16 6111111111 14341111111111111 16,18.19.183,3 6111111-
finiatur105‚11’.106‚3.11⁷,ssfini 611111,11.11,11.38,1.30,1111,
antur 111,11 611116 sun6 183,8, 10.11,11.64,11.11,11.81,11.110,
=2mmmfflmmmm1wmufflmmm6
611111100111130,17 6111113624 11111110 161, 21 611611014211
finiendas (esse) ⁷62 18 finientes 61111611116,17.63,14,18. 184,12
239, 8 finit 111111 263, 14 fini10243,8 firmo 168,8 6111106618 firma
6ωψ,ωωηωω,11ηωωωμ631
ww mmmmwflmnfflw-
firmior 64, 20. 167, 22 firmiorem .
3, 18. 46, 23. 96, 24 6111107376,
16.106,16-6111110112919263,
21. 277, 8. 278, 19 611111111012927

1Μώώωωωη6,1
260 10 6111111616, 4638, 2676, 24.
3(266, 3 6111116232, 2-66,14612,
mfflffl.w5
Ι1(61111061,1.120,6.131,6 6111101011 6111011101. 1011101110
37, 2. 64, 26, 1’11, 8. 243, 21. 263, 1661111 6,ula308 8. 260, 2 61111011240,10.
61111010113,20.186,23 6111101101 260, 10 61111110140,22,207,6.8.

mmmssfflmmmauffimfflmmmmm
mmmm mffimffimumm
60 61 19, 22. Ι111024. 123, 10. 168, fistulas 208,10.26. 210, 4, 269, 21.
16, 172, 4. 180, 7. 182, 16. 192, 6. 262, 23 61111110 206, 24. 207, 22,
239, 10. 266,7. *269,20. 2603266, 209, 26. 210, 13
8,279,22 fiunt 6, 26. 24, 2. 27,4, 6011101041,6 611111611110
38, 3. 11. 26. 39, 8, 40, 20. 64,3. 12. flaccescente 64, 26
16 68461 18 88 28 91 4. 09,.3 6031110112236
1001921140261432614626 6161111110 01100 101,1823617 ·
14728148316031631716961111110 6930.126,18,186,9 61111-
21112, 17 200,.26261, 1. 202,.4206, 111042, 10. 126, 16 6111101142,
23. 238,17, 269, 4. 246, 4, 26611, 29. 66,11, 69, 7. 10. 60,16. 224,9
267, 6. 269, 16. 21, 23. 261, 18. 269, flamma 33, 13
4. 277, 14 fiat 23,18. 74,14.77,161111116 46,4
14.18,1.80,13.16.11.81,4.91,24..fla6us 10,11 - 11,1 611111 11,0.
97, 2. 24. 98, 2, 17. 101,12. 119, 6. 26,9 6111 16, 6. 264,16. 266, 18
122, 26. 27. 123, 7. 141,17. 142, 19. 1111111126,16.27,16.28,17.108,19.
169, 18 (179, 3) 200, 14. 206, 26. 17,8.23,27.26,6.28,1,189,10.190,4

 

