—18-

16246, 16. 266, 11. 268, 7. 281, 12 quoniam 28, 12. 82, 24;43,14. 60,24.
neq. compar. 18, 10. 64, 20. 19, 24. 63, 1. 29. 62, 10. 63, 1. 84, 11. 88, 6.
80,19.82,18. 91, 7. 118, 3. 163, 6. 94,11.124,29. 134, 9. 181,19. 162,
180, 22. ,221, 11. 222, 1. 228, 16, 10. 116,16. 186,10, 213, 24. 243,
226, 14. 241, 8. 263, 21. 268, 10, 16. 14. 11. 20
11 - quo = 64 eo 3,19.93,19. quoque 2,11. 8,18. 7, 3. 14, 19. 86,
96, 6. 104,11. 20413 - 241, 7. 16. 61,16. 66, 20. 103, 6. 104,11.
216, 6 136, 1. 138, 16. 186,6. 210,8, 283,9
quoadp01ui99,8 102,16.138,19.6666666666611,18.101,16.216,24
148, 12. 148, 26 6666666611416396 81, 13. 186, 26.
quocumque 188, 23. 26. 206, 11 21614
41161616, 10. 41, 10. 138, 12. 191, 19. quot *16 10. 83, 23. *146 20. 208,6.
208, 11. 21. 248, 14 263,6 226,.2 263,1.1 2774,18-q7'108
mh‚m.m.1,mwsw mmmm‚1
9,.8 10,13.13,1,11. 14,8. 169. quotannis 20,12, 116,1. 184, 26.
16. 29. 11, 2. 18, 8. 13. 16. 20,6, 21, 196, 18. 201, 9. 24318. 28619. *26
11. 22,12. 16. 23, 4. 24,11. 18. 26, quotiens 120, 23
,21, 82, 16. 34, 22. 36, 20. 31, 23. 38, quotienscumque 130, 9. 266, 26
211. 39,.311..23 4014 24 41,
14. 421323. 43, 23. 44, 26. 461. 1146441666) 242, 16
666666ΉΗΗψωω6η
2. 63, 13. 22. 64, 18. 66,1. 9. 26. 2964161466 234 9. 16. 19 236,16. 11 radio
6118 68,.69114. 11. 14. 6911 236,6 16161812122313 16-
60, 16. 62, 1. 63, 10. 19. (8828) 61, diorum 139, 20. 168, 23. 221, 10
1.6.16. 18. 17. 19. 68, 8. 11, 13. 13, 161166 118, 18, 119, 1. 220, 18. 226,
2314616131838213 843 218226,3,13161116218,16.
6.,9 86,11, 86, 18. 88, 22. 89, 13. *222, 20. 224, 10. 26, 226, 14

90, 8. 21'. 26. 27. 92, 4163, 1. 96, 8-12111 86, 27 1114644411 8626. 249,10

mmmmmmwmss moe’mstmssmmst
666661ω66616ωω66666ω6
ιηωω6ω666661ηωωωω64ωώ6
Μηωηωηηηωψ mfflflmflwmwwm
666666ῌω6146666
416,44.ι61,16.11,466,44.464,6;466666 66,46 41164 66,46

17. 28. 466, 4. 18. 21. 466, 17. 1³7,1raritas 66, 46 raritatem 412. 64,
1Ἡ66666666 Μωωω666664
14, 446, 1. 17 4464664 446 46. 6. 466, 10. 16414 4664644446
44ΜΜ6664666,4. mmmw,mmmmmm
6ΗΜ6666666Μ. ffl,m.nw.wfflmm,um-
6Μ,6Ηω6,Μ6,Μ6, ωω6,6.6ω1
1mwmm7mwwmommmmwwwmoem
1mwwmww4n- mmmm—mm
1mwmmwmm1wflmamww1
189,7.*12. 17. 44661616. 46414666 4, 46. 10, 66,· 46, 4. 4644. 46,

ηω6ωηω66666

4. 196, 19, 197, 3. 198, 16. 199, 13. .

Μ6ωφωωωωω6
mmmmmmmmm
mm1mmwwffmffi
mssmmwmwnmffi
mssmmmmsmm
7wmmmm4mm
mmmamumm
mmmumnmm
6666666666
4η66Μ666

11. 18. 19. 2218. 41,10. 63, 1. 66,
6661ῌ666666
6666666666
666Μω1666.
66666666
ω6666ωᾙ6ω6
6ω1ω6666ῌ
666666666666.
memmumma
mfflmssmmwm
66646ΜΗ66Μ6
rationem 4, 1. 11. 6, 2. 1,14 18,23.

 

