-31..

55555ffi4m5555

13,17.14,4.<12>.16,94.16,3.6.18,

26. 916, 8. 216, 23. 222, 4. 240, 91. 12. 23, 23. 36,18. 38, 20. 39, 8. 42,

3-33433-3313
5w55555555
41, 20. 52, 5. 54, 15. 31, 15. 331.
31333136333313
mmumffimmmmst
mfflmmmwmmww

55m55m5mmw

affimwmffimwmw
lmmmmmmeQQ
134, 3. 133, 23. 138, 14. 900, 7. 221,
18. 223, 522. 227,1.2. 242,10. 281,
13331111, 154411. 531451,
5555555555
3133ω313613333
1m54055flm555
178,14.182,11.21. 188,20.21. 189,
3. 133, 16. 196, 3. 200, 18. 200,1.
221, 9. 990, 8. 916. 227, 23 944, 4.
269, 23. 26919. 264, 7913. 26698.
266912.272,12-31111133111ο331933
13311112441- cmdplusqps.
mamm

3. 33111. p'r. 7, 16. 10, 20. 16, 23. 21, Cumae 01111113 129, 16 -

1633363330

30333333333,
55n5w453535
5355555555
1333633333
3333333331
Μ1ΗΜ3Μ3333
m5stmflmmm5n
mmnmfflmmmwa
55555555555555
mmw5m5mm555
1333513363131333
mm5m555wm5
5555555555555
33333333M3333
mwfflmmffimmffl,5.
m‚mm.wmwoemm9
mmmmm9wmmn.5
ω.3Μ333363ω.
mmwummm'e
m3mim5mffl,mw,
18.9,.9,9.-27782822818 -.111113-
09111 secum

0111113113-
111111 42, 23

23. 41, 3. 43, 2. 7. 27. 49, 7. 67, 0. cunctus 137,1 cunctis 10, 21. 1,2.

5555555m5m,

fflmfflwmm5

1mfflmm5fflnmmfflmffim5
20. 24. 26. 12616. 127, 6. 137, 20. -311113113 cuneo 260,1 cunei 117,19.

33ωω3333ω3
mmmm5mmmm5
fflwmwmmffimmm
m5mfflmm.wnmw‚
mmmmmmmfflsnffl

17, 16221. 238, 24 cuneorum 162,
12. 18. 172, 9. 238,14(22). 27216
3313332213. 114,14.117,16. 120,
21. 162, 26 31111313 16214. 171,10.
238, 23. 272, 6. 14

18. 990, 3 22. 221, 3. 2229, 8. 12, 9249 1011110113116 1690,10

14. 98. 9226, 1. 3. 9<8>. 192. 220, 11. 311611113617. 3199 eupldmres 20022
1216. 26914. 234, 10. 277, 196--311111333333 68, 293 3116133331 *16116
c 33111 imps. l, 1. 9. 81, 8. 934, 10. cupressus 55 93 26 eupre55o 14 290.
36, 22. 49,.17 32 20 60, 193. 132 26 68, ll. (116)*68, 20. *106, 19 133,11
155355’5m5554mffl555
6.176,11.183,19.203,6.16.216101113126.188,26.163,4.164,3 eu-
20. 21. 237,11 15. 260, 9.9 16.261,131111,10. 9, 19. 1393, 14. 916, 21
14. 91. 232, 4. 273, 13. 9274,.7 281, 3111619211. 9139, 96. 9102, 20. 106,
9 983 3 297. 284, 97. 10- 360111. 13 93393 3111692336
11741369, 17. 2, 8. 6, 1. 91, 13. 20.13111311’31139111194,1 33136313324, 11
32, 317. 33, 20. 279. 36, 296. 33, 1.·331331106613 147, 24
49993. 61,8.911. 13. 20. 969, 18. 9001111113 108,2. 107928
2. 96. 33, 198. 84, 28. 86,129. 18. 22. curiose 2693, 8 curiosius 108, 21. 166,
88, 29 27. 90, 23. 103, 24. 181, 14. 6.,109 169 106, 1. 93. 170, 20
21. 166 8 'doneque’ cum 13393111 curo 3111311119,916 331313116613
222, 6 3113111106,139 3313311161, 10. 2937,
311111- 1111119, 4. 439. 148, 22. 16 3613131311132,23.9,.916611246
166,4.178,19 10 curantur 24 13. 10.1799,6. 129
311111 praep. 2, 35 3, 3. 4,12.3,2.18. 331311311111124,913 curatum 91113111
333133033316.3335333633333

 

