..50-

1116621619 1661661*222, 13 16·
ciebat 274, (fort. 3)6 1661661 96,
amssmmmmmmc
aamawmmmmn
168, 21. 161, 14. 221,19. 260, 13.
Μ66Μ6ῌΗ66
fecerunt 63, 16. '18. 68, 6. 11. 76,
aaanmwmema
1666111 26, 2. 222, 7 fecerimus 263,
12 fecerint 4, 7 fecerat *160, 7.
221,18 fecisset 173, 26. 216, 6
, fecissent 166, 11. 174, 24. 24216
1666111 40, 6. 184, 9. 206, 6. 209, 4.
anamssmmmfflm.
16616661 111,6 1661661 661 60, 2.

216, 16. 270, 16 16611 6661 178, 22.

6666666166
wmmawmmmaa
neamanamaffiffln

16616 611 277,19 1661661 611 209, 6·

16611 6161 207, 20. 223, 22 16616
6161 46, 3. 116,17 1661616 6111 22,
31.208,22 166166 6111619217 facta

' 6166113,16,166,12 1661661661661

279,10 factum 166161 216,8
factae 166111 113, 26. 187,17.208,
21 1661616 166111 21,13. 117, 8.
168, 28. 137, 4. 210,3 facta fuerit
66611611 6661666166.
immmmmmanw
facta fuerint 40,16. 161, 24. 168,

616166666666661
ecaaunmaawmaa
wfflmmmnmmaffi
aammmmnmmmn
281,19 1661666 10, 6. 67, 22. 73, 6.
169, 11. 216,3 facturum 6666 282,
7 1661116666 86, 21. 116,7 166166-
dnm 6666 129,9 faciendae 6666
120, 14 - faciundum 6666 96, 23.
120, 14. 163, 4 1661661166] 10, 4
wmwmmmmamn
17. 22619 - 1661661166] 138,18
mmamamnnmn
faciendam 21,10. 106,13. 216, 13
faciendae 74, 8. 76, 22. 106, 2. 109,
4 faciende 101,16.143,4 facien·
mammanmmmn
20 -- 16616611616180, 26 1116166116
128, 16. 131, 6 faciundis 30, 26
16616611 180,16 facientes 34, 19.
666661666616666
230,9 facientibus 147,16 16616
60, 1. 69, 20. 70, 2. 168, 12 factum
amima-aeaeae
amanamfflaafflc
61,11 facto er,14.aaa,1 faeta
rmnnnmmnffimn
ramnwmmfflmma
1661116 *128,4 facta 13, 8. 281, 13
6666661666
amnnmma

20211, 19. 268,9 1661661166 estfffactionis 23, 20)

81, 13 faciendum 66181,6. 106, 3411161661 facti 174,19

209,9 facienda 6612218. 78, 16116661166 60,12 facultates 168, 16
1ω6666666616ω666ω1

108, 2. 116, 26 faciendi 6661 cedaar 180, 20

6. 78,4 1661661166 6661 16, 3. 22, Falernum 66. uinum 197,13
66666166666ῳωω66ω66
12614. 114, 6. 167,13 facienda Falisco 199, 23
smnfflastnstfflmnfflmmvmafflmmaw

mamamannma

fallitur (76, 6) 1399

208, 24. 211, 10 faciendam erit 16166 176,1 161661664,6 16166607

6166664666666
mwammmcmae

mwwamfflfflana
16 - 16166 134,6

facienda crit 276, 22 16616611611616661 6, 19. 60, 23. 169, 20 16166

61661 169, 14 1661661166 6166177,

meme

17. 96, 4. 108, 31 facienda fueriesfnmiliamm (patrae) 7, 8. 14,22. 183,

72,3 - faciundum 66107, 11 16-
61661166 11661 97,19. 10210147,
11. 162, 20 1116166116 6661 92,18.

anwawmawmm
tfflwannmmnm
familiae 176,10

134, 28. 146, 26. 164, 10 faciun- familiaricae 1421ss
dum 611 139, 8 1661661166 6161166111611664, 1 -161611161166661661,

164, 26 faciundum 6111 64, 1. 93,

ΜΛ

11. 163,10. 164,16. 166,3 faciundi Fanestri 106, 1360, 10
61661 21, 29 1661661166 61661 142Γ166661 60, 3. 6. 26. 84, 22. 122, 3. 249,

24 1661666616166111149,6 166616

28. 261, 1. 22 1660 169, 3. 216, 12.

 

