⁹-114-

1111 regis 91,2o. 11111119 1111911111.1111111111.111,
regi 191,19.219,14 1131111167, 24 rotarum 2764 rotae 26613.
11. 199, 11 rege 1111. 111, 11 11. 11. 11111 11. 1111111111
1131111, 1. 111, 11. 1111 regibus rous 111111111111119111,
1111111 19.219,9.211,11
Rhenus 19616 Γτο111191111262,14 rotationem 26622
*rhetor 11,4 rhetores 121, 11 rotatione *216 27 (rotationibus
1111111111 1111 α’. 111111111111)
Rhodanus 19616 -rotundatiouie 25, 26. 26, 7. 28, 21.
rhodiacum 11111 11. 19, 2. 111. 911. 111, 11. 111,
Rhodiensium 191,1o Rhodiensibus 626619 rotundationem 29,1.
28617 “ 66, 9. 82, 28. 94, 6. 2066 rotun·
Rhodius 2611. 280, 18 Rhodii 61, datione 29, 16. 29, 6. 268, 6 rotun-
6,’11.17.20. 661. 280, 26, 282,2. dationes 126, 27 rotundationibus
19 Rhodiorum 61,16. 19. 24. 29 22,13.108,21.243,26 ,
Rhodiis 2819 ,1191119111111 262, 19. 268, 90 rotun-
111111111119. 1111111111111, uitatem 191, 11. 219, eo. 111, 11
1 Rhodo 111111. 111, 11. 111, rotundare 111, 11
9. 299, 13 rotundo rotundatur 291, 26
‘rhythmus u. rythmus 19611119119111111179,4 1911111271,
eigidirutem 67, 6 11. 2616626611 rotundae 22, 11.
rigide *3618 100,19 rotunda 114,1
2639111662 rigore 66 6. 6118 ruber *11, 29 1111111464 rubri
&rimam 168, 24 111119146266626. 209,18 rubrum 177,6 rubra 189,
11111.1111111111111119, 8(11) rubro 11111111191, 11
16. 17 1111114626 - Rubrae 44,2o 1116111468
rimosi 3611 rimosa 19121626-1116111 *182 17
(11119191 47, 4) Rubrae lapidicinae u. ruber
Ὗὶ11911169,6 11111669 1111119611 1161111119 rubricae 17614
11111911 riuum 19612 riui reametur pl. 188, 6. 868
10 119112062620614 = rudenti abl. 2468 rudentes 112,12

’ κ-1911111 66, 28. 26 robore 166,11 rudentium ⁸212,9.*211,2o ruden-

116111111111111111111 ribus *111, 1. 219,19

rodendo ⁸19, 11 *ruderatione 13626. 162, 14

rogant 139,12 rogauit 219,19 ro· rudus 16618163, 1111. 11120.
1111111133, 16 rogaretur 167, 6. 171,16.166,2 1911911662 ruderi
2869 rogatae eunt 167,2 ro· , 11111111 ’
3111111111 rogantem 11111 rufo 199,9 rufa 19111
rogantes 282,6 rogatum 1111111191 868

Romae 1111. 1111. 1111. 11111111111191119 · .
11. 111,11.119,11.111,11. 299, 111111111111 ruinosos ’111
11. 18 Romam 119, 20. 179, 9611111919 669
cs. urbe rumpitur 168, 21

Romanus 1,1.11,11.111,1.11ο,11. 111111111111 1111111119, 21. *111,
17617 Romani 11610 Romano 19 ruere 166 199111118622
111,11.19,11.11,11 rursus 11111. 11111. 11111111,

Romuli 99, 21 19. 256, 28. 262, 5. 17

roscidus 199,9 *rue ruri 11689

—rostrum aco. 229, 16. 260, 7. *22 ruetioae 1161. 141,1 1111111468
279,2 111119 229, 7. 2766 111111911111116,19 rusticis 116,
1161111111,111111111111, 11111

11. 111, 19 rotae 111, 1. 111, 1111111111 111
111, 1. 11119. 11. 111, 1. 1111111611 9,·11
rotam 226, 17. 226, 6. 211, 23. 261,
111111 1111111,111111111-11111111 99, *1. 1. 111, 1. 111, 19.
1111111111 111111119111, 199,1.1

 

