..54-

“1ο111111ο111111111 41,20.19.177,1·4114ι1111018
fornace 59,,8 137,’1.166,17.180, 01401031317.167,12.218,132318
9.20. 181, 2’. 17 101111130116, 44. 1111114011 164, 4. *7 .
43, 8. 168,’ 11. 170, 24 111110401 164, 23 fricatum 1111114
0011111003 111, 1'4 114, 14 111 4
*1010111116319 *11131141110111041123 10 frigidario
1010 1011411262, 6 forato. 246, 20 126,12-11131411100110014.127,18
410111014444,10.116,.4 133, 3 468, 411’00111127,20
13. 176, 12. ’18,4 22 1113101 1113130’127,16.192,3 6.
fortasse 1,11.11,11.101,1.111,14 114, 1411131 111 101, 1 114, ’1 111-
fortis forti 138, 9 fortiora 212, ’15 (112316. 192, 19. 24. 26 11131-
11014140010116,7’101414001011013’7,21 iiiii 16, 2. 17, 6 224 8 frigidis 17, 3
, 1ο14140111111’138,4 1014140411οε1 -11131010114 1101) 16, 27 ox
280,7 0131002781-11131010111186,
10140140 33, 26. 38, 23. 44,4. 84, 21. 11 frigidissimam 138,3 frigidis·
86, 26 (10140140’1101.111. 38, 43. simos 11116 1113101111011193,14
44, 4 86 ,26) frigidissimis 100,3.194,13
1014110111 'Equestris 71, 3 ad 41111111301171,23 frigoris 23, 24 11130·
Fortunas 69, 6 ribus 24,17
4111111111 141. 111, 11. 111,1.1111101111111111*41,1 ,
fortunam ’192,10 ’1011001 ’631711001110031016413 froude 31,18.
141,14.151‚1'1 14,1.11.11,1.11,1.111,4
*forum 30, 4. 49, 27. 61, 1. 104, 2411001 63, 18. 72, 2. 82,1. 91,13. 93,
101, 10. 101, 11 1011101101, 11.111,1.110,1.111,1 1111101
11. 10111. 101, 1 forum 101, 4 11,1.1.11,11.11,14 1101111011
foro 30, 9. 31, 18. 70, 19. 105, 4. 110114111111,10.111,1.140,1.211,
119, 19. ’,174 14. 243, 6’ 1011113, 13 9. 263,19
-’104, 28 ’foris 103, 24 1011004169,3.14.21.23.71,26.72,
*fossa 211, 14. 284, 3 fossae 22, 22 117110,1111111101. 18.
fossam ’284, 1. 3 1011161, 14 ’101- 88, 29. 92,1. 04, 27. 20. 97, 26. 98,
10122, 20 fossarum 273 21 fos· 81011. *119,17. 161,14. 239, 7.
sas 40', 7 101111 10, 22. 1’96, 16 263, 23-1100411 21,23. 47, 13. 48,
fossicia 14, 19. 41, 7 1011111111 887,1331’1.277,14110041011148,
14,13. 40,4 pi. 40,16. 23 ios· 13 4101041141,11.78,2041011414
sicia 41, 11 11, 11. 11, s. oo, 4. 111, 111111,
&fossione 187, 7 1011100101 210, 27 6. 266, 1. 276, 11 frontibus *48
fossionibus ⁸410, 10 11. 10011. 101, 11. 113, 11. 111,
fossoribus 177, 8 27. 139, 10. 163, 4. 236, 14. 266, 21.
41010010 187, 4 4104. *33, 9. 187, 10. 283, 277,16
19.284,2’ fossuras ’1111101111ῑέ 1100414011 48,18 (frontatis 48 ,16)
124,18’“1101401184,26 310. 197,18 suisium
fouendo 193, 24 246, 18 ’110140 204, 18 fruetus
' 'fracibus *164, 26 13, 4 1101400111 34, 26. 133, 1. 146,
*4111140111οι 274, 6) 18,147,10.243,4 fructibus 145,18
fragilis 38, 8 fragilia 276, 22 fra· 4100408 34, 13. 145,20. 147, 3. 107,
3111011 41, 17 9. 212, 24. 222, 18 fructibus 20, 26.
‘fragore 192, 28 32,11. 197, 7
1110300422,13.162,9 1110300401 30ωέ0410032,4110011011110132,19
38, 22. 71, 14 1111030401 211,11“1101111040012371911001041204,18
1110310401 26 23 frangeretur 451 frumenta 124, 16. 147, 22 110111’·10
6 11114111011111463,8 11114001 411 147, 26
*180, 30 fractis *48, ’11. 243, 4 1100111000401212,11110104117318
1111111111 37, 20 40110101 160,8
frequens 26’, 21. 262, 26 fugiens 66, 2’4
4 11130104111113212233181111010-1030103141100433,18 103141 30, 16
411 3219. 103, 19 103140 46,11

 

