- 30 ..
credent 1, 25 credatur *03,9 616-166016116*66,13.68,1 cubiti 2155

(lendum est 186, 22 · cubitum 66, 19. 61. 20 cubito 12,
crecerestur1e2,9 11. 58,19 cubita 214,12 — 14
‘crepidine 129, 21 crepidines 91, 19. 611611611111273,26.274,4 bis. 8. 11.
12,4 (141215,5
1016014111 137,2 cubus 11. cybus
ecrescentiee 238, 23 crescentias 238, sertim 115, 21 6111116147,1,2 culi-
111616 nam 1111
crescit 225, 1. 28 crescunt 19, 20 6111166116 147, 11
6111666167, 10 61616111133,3 cre-*culmen 107,18
66616 32,12. 184, 7. 281, 16 6161661666 66, 16
uisse 42, 21 crescendo 28, 23. locs-cultelli 166, 22
20. 1313 crescens 26, 1. 64, 1116116666) 16111 in cultro· 263,
118,1. 61116111 6166661416 2226110
32,10. 218, 28 crescenti 224, 20 cum 6. 1116111616. 6, 9, 12,10. 1121.
crescentes 86,23. 103, 23. 16111 17, 14. 16. 18, 12. 23, 21. 12616.
6166661116166,6 crescentes 113, 26. 27,18. 38, 3. 12. 13. 33, 3. 11.
1. 166, 11 11. 23. 111011, 12. 29. 42, 1. 6.
· (Cresiphcn 11. Chersiphron) 11. 47, 21. 48, 24. 26. 63, 26. 64, 3.
creis cretas 116616 11. 55, 12. 16, 66, 11. 16. 2221. 66,
-61616 1611111110 cretes 119, 23 1661,16,61,16.61,6.11,6,11.100,
6161661161,16.166,1 61666116. 11.(106,1ο.>106,16. 11111. 111,
16116.16111161161611 1. 10.11.112‚2.19.115,12.1s.122,
Cretenses 1116 Cretensium 19,1 18. 133, 25. 136, 25. 137, 16. 147,
crsioss 616 11.116,1.*161,11.161,16.16116.
cretus n. cerno 167, 3. 168,16. 1016116616. 176,
Creusae *611 s.111,s.15.11s,0.10.10.1s1,11.
-erinibus ss,1 161, 19. 1611. 1616. 11. 111, s.
16166616 (sriodosis) *111, 16 1616. 1616. 161616. 161116.
crispo 13116 crispis 113,4 16111. 10116. 1111016. (111,
-sristsm 2si,1s 6116616110 10.>211,1s.21s,11.219,22.220‚·14.
(stobi pro Cottii 16111) 220, 4. 11. 11. 111, 16. 11. 110, 5.
66666111 161, 11 241, 4. 11. 242, 1. 10. 244, 0. 116,
Croesus 155, 15 Croesi 49, 14 20. 26. 264, 5. 12. 18. 22. 21. 255, 2.
Crotoniates 11113 4. 5. *11. 161,<1>1. 161, 21. 252, ·
crudeliter 6116 15. 11. 25. 16111116 - c. 061.
crudus 216 crudum 276,11 cru- imps. 33, 24 - 6. ind. sut. 12,
dos 155, 20 erudis 214, 6. 116, 1. 21. 11, 22. 16, s. 1111. 16, 11. 66,
1111. 11. 161, 1 66110611.111161111611.
„crus 611116 134,26 cruribus 13113. 16114. 15. 155, 26. 160, 3. 167,22.
1011 16111.116,11.1ο1,6.166,1.*111,
1616116166, 161611 crustam 1616 5. 166,11.166,1.161,16 - s. 66,
crustas 1116 crustarum 1116 1111,1111611110111611,
crustas 16111 crustis 10116 0. 108,10. 130, 0. 152,1³. 195,12.
‘crux 61116611 168,3 22. 168, 22. 187,13. 206, 14. 248,
92119111. 6166136 14.14⁴1',¹2'4.2i1's,¹i.
6166616111606 Ctesibius *161,1. 6116611611111.10111106,
1ο 0666611111. 1611611 ete- 11. 1011. 119, 25. 161161611.
sitio '2315 16111. 1111. 141, 2. 145, s. 152,
«66616616611111111.11111111, 10. 25. 152, 21. 152,21. 1611. 15.
13. 16 cubiculis 14, 6 cubicula 166,6.13.16.166,1.101113. 108,
66, 11. 150, 6. 11 1611111111.111111111111,
-eniiiis 41, 15. 111. 40, 21. 66, 16 110161116.111111111161,
subilibus 114,15 16. 166, 11, 166, 21. 210, 6 - 15,
. (cubitum 1110 cubitus 6113) 13. (1101411160. 4126. 6114.

1

 

