-119-

Ι104,1 sequi 61,8. 118, 16 se· sexcentesimo 111,16
quendem 14³,s 6666166 104, 11 sexis *61,19.*68, 11
secute 61, 11 secuti 131, 11 „sextans sextantis *66161 6611166-
Serapi 30, 10 iem 61,1(11,9 sextantes 161,11)
sereno 148, 2. 196, 16, 118, 16 66116616166 11261, 11
,11161616 103, 16 sermonis 103,10. sextario 116,8 sextariorum 111, 16
161, 16 6666666161181 sermone 6611166 sexte 16,1.18,6.118,6 sex·
103,16, 111,3. 136,16 6611110666 166 66, 14. 19. 91, 22. 91,10. 123,
33,17. 118, 9 1. 170, 1 66116111 67, 18. 81, 18. 86,
66166616186,14 13111111 66111691,18.91,18.
‘semesis 110, i. 130, 1 serpentis 91,11,98,1. 18. 19,113,16.110,4.
119,13 serpentem 119,8 ser· 1.111,16 6611ο*161,10 sexis
pestium 199, 26. 103,6. 231,13 116,1 6611116116,16.16 -
serpentibus 161, 11 si u. praes. 1169111. 1616, 66, 16
*serre 44, 25 serrae 22, 30 bid. 17. 18, 9. 40, 18. 4661. 4427.
sessiacus-siu 611, 66 1611611111. 16.61,1.16,66.
seu-etius 116, 16 66, 11. 11,1. 6616. 16161. 116,
661616 66161661 48,11.146, 18 18. 119,1. 113,18.114,11. 131,18,
perdituris 4, 18. 182, 4 seruitutem 141, 11. 161, 4. 116, 1. 184,11. 188,
1, 16 10. 192, 16. 666, 61. 666, 66. 616,
66166661661140, 11 6611161111 *63, 11 (1). 14. 111, 13. 113, 10. 141, 11.
66166611 1,1 (661666611163,11) 164, 11. 161, 18 - 6. praes. 6661.
seruentur 16,10. 141,13 seruanda 11,1.11,1. 11, 1, 38, 24. 41,13. 63,
esi 16,19 6616661166 146, 10 ser· (4). 0. 14, 9., 16, 11. 103, 18. 109,
uste 11, 11 66.116,1.166,66.116,66. 111,]1.
*seruus 161,1 10. 119, 14. 18. 184, 13. 186, 9101,
sesquialterum 61, 16 16.666,1.666,11.611,16.11661,
sesquidigitale 181,13 1 - c. imperf. ind. 18,16.19,1
sesquidigiti 16119 sesquidigituui — c. imperf. 00114'. 42, 14. 46, 6.
me mmmmemffimme
sesquipedali 61, 11. 63, 6, 111, 24. 11111 - e. [24. 6111. 13, 1018,
61611. sesquipedales 10, 21. 116, 61.11,16.16,6.1.61,1. 66, 4. 41,
1. 16, 14 sesquipedalibus 16111 1.16,116.11,66.11,6.111611.
sesquipedis 116, 16 sesquipedem 89, 18. 01, 16. 93, 10. 11 bis. 11. 94,
1661 sesquipede 6111 16. 61. 66. 61, 6. 66, 10. 16. 61, 6.
(6666166666 161, 4 sessimuuiu ci. 108, 3. 9. 1911114, 11.118,1.
Suis. eserimuuie Reus) 1161.166,66.166,1.16ο,16.111,
. χ1111111661 116, 16 21. 22. 142, 6. 11. 11. 111, 1. 116,
*sestertium 661 sestertio 66, 16 11.116,1.66.166,16. 1161616.
seu 8,13. 12, 26. 20, 27. 19, 6. 9, 30, , 164,14. 166, 14. 186, 16. 186, 25.
10. 44, 6. 21. 16, 161666. 042. 161, 1. 10. 203, 61. 661, 61. 661, 1.
100, 16. 119, 16. 124, 17. 139, 20. 206, 0. 10. 107, 1116. 213, 14. 13.
11616.1111616666161.161, 16161666,11.616,1.611,6.611,
11. 168, 14. 171, 10. 172, 4. 14. 19. 11 - c. [111. ΙΙ paee. 19, 18. 23,
66116, 16. 114, 1210. 101, 10. 11. 00, 0. 611. 116, 2. 161, 1. 161,
16611. 66616. 24. *661111 616, 61 - si future est 66, 22 futusi
14. 144,18.146,10. 161, 81161 6661 16, 11 extructi 11111111 6661
»- u. siue 96,10 161616 6111,118,18 - e.
seuero 1611 pers. 1'2011. 9, 1. 11,18. 66, 9. 10, 19.
sex 61166.16.-1116161616, 166, 20. 116, 66 - c. pers. esui.
1.11,16.16.16. 16. 61, 61. 66, 1. 166 - s. plsuq. e. 0221. 61, 1.
93, 3. 99, 10. *101, 6. 113,17. 117, 9. 166,11.161,1.146,17.182,9-
14.*166,18.167,3. 2191211248, c. fui. ΙΙ act. 4, 8. 7, 14. 9, 13.
666111. 66116. 6661661611 1616. 16, 1. 6616. 6666. ese.
sexagensimo 111,6 36,*10. 41,11. 46, 9. 41, 10. 4310.
sexaginte 141,14 16, 2. 01, 12. 61, 66. 161, 66. 166.

 

