-143-

.1.111,11.11.1,11. 11111111.111,-1111111111 11,1 uolumini *11,11
. 11 111111111,1.11,11.11.11,1.1.111, uolumen 111, 11111 uolumine
29.255,2.255,25.10‚11.13,12.11,10. 1111.10,11.11,11.11,11.11,11.
15,25.80,15.51,21.211,11.1522. 1110.11.11.11,1,101,1.101,11.
266,12.13013.18.13.267,4 unum 131, 10, 12. 134, 10. 146, 16. 154,
34,1.67,7,167,9.168,1.187,22.199, 10, 166, 2. 162,10. 206, 20. 212, 2.
101111111,11.111,10.111,11. 242,2.250,20.254,22 uoluminum
266,7 unam 42, 19.43,10. 13. 48, 12313 0010101110 11, 1. 89,14. 144,
11. 11, 11. 11, 11. 11, 10. 111, 25. 11. 111, 12. 110,1.111,10.111,14
149,21. 1111111111. 1111. 111, uoluminibus 111. 11111111,
1111111. 111, 1111111 unum 11. 55, 11. 101, 1. 104, 2. 18. 21.
11, 11. 101, 11. 111, 11. 150‚5. 10 111, 1. 155, 1. 1111. 111, 1. 111,·
uno 1810.111,1.111,18.11.167, “ 10. 243, 20 284 25
6. 6. 22’6,.3 266, 2. 84, 26. 104, 21. ’110Ῑο010100 134, 2. (260, 22) 061011-
137, 6. 163, 6. 137, 9. <220, 26.) 1310 60, 21
221,13.267,12 0110 10, 4. 99, 10. 00100 1101001101 261,16 00101101
104, 4, 113, 20. 127, 21. 129, 11. 213,3 110100100101·’*260, 10 (uo-
137, 1. 6. 149, 3. 166, 13. 170, 14. 111111 266 ,26)
206’, 16. 209, 11. 298’, 8. 239,’14, 1001001011 76, 4 uoluptatem 44, 4.
248, 16. 264, 2. 266, 3. 266, 12. 283, 118, 18. 146, 2. *260, 22 uoluptate
19-111111100168,11,19’9,10 12,’6 00100101111011’ 36, 16
0001100100οε unaquaeque 33, 17 001010 0010100 79, 19. 81, 22 uolu-
uniuscuiusque 90,16.112,13 0110- 101010782623. 79,18.30,3.87,1
quoqne 112,11 · 0010111 78, 26 11010101 86, 5 0010-
xuocabula 70, 13. 103, 14. 33, 26. 88, 113 13, 3. 13, 18. 173, ‘46'
2. 112, 21 uocabulis 87, 27. 88, 16 0010011111 83,8
000111111111,12.12,21.19,16.67,14.-,001001110 252,15 ·
77, 9, 121, 11. 151, 1. 244, 1. 262, uotiuum 215, ’11
12 000111001011131, 19 68, 9 uoci· ’,00010111 uota 96, 6
10101· 128 11. 173, 211. 220, 24. *11110011 6, 16. 108, 3. 11. 109, 11. 18. 20.
13,267,8’110011011’101·68,1023112 110, 1. 3 11’, 23. 111, 1, 4.1. 113,
000110101οτ 16718 000111010011 26. 116, 3. 118, 1. 3. ’121, 3Ι 9112
182,14 00011111 62,6 000111111101100.)00011’116,9.113’,26.111,
63311286 3. 116,5.13. 121, 6.11.20. 136,7.
00001100111126,13.127,6.176,22. 20.136,6,16.18.21 uocem 109,
111,10.111,1’,111,11.’,1111111,1110,11.111,10 uoce 110, 1.
9 1111111111,10.11,11.111,1 ’112,6.2(13,20.216,1 uoces 33,
uocantur 38, 6. 143, 11. 266, 12 24, 244, 6. 260, 16. 203, 11. 237, 21
uocabatur *119,26. 1991 00011111- -263,’2 0001601 262, 22
tur 268, 9. 2966 uocari 226, 37 011101110’14,24.146,12-10611. 01-
(000110’ 224 ,23) banis 143, 6
Volcani 30,16’. 17 *urbem 30, 12. 22. 282, 5. 21 01110
0010 32 140010001110 18. 21014 30,16. ’61,23. 146,’7.8.148, 19
0010011916 116,.12 182, 19 001110 0111111011 166,-2 111615 110100
63, 20 001113, ’26. 21, 8. 164, 11. urbis 62, 19 urbi 46, 9 urbem
113, 14231, 2. ’249, 17 uellet 131 44, 20. 46, 6. 47, 6. 63, 3. 60, 13
23. 249, 28 ’00110111 34,6 001011 01110 62,12.21,6.’3,1,611,26
63, 2 00100101178,20.237,10 urceo 151,2 urcei 151,2
0010111001 86, 18. 131, 22. 283, 6 (010001011116)
0010011118,1.’11,10.3010411001111110111
48 20 91, ’12. 11’5‚.1 12’1, 21. 171, 010 uratur 699 urendo 18616
1117114. 286,16 0010010001 00000130,18.’,23418
209, 9. 281, 13 usta 5515 181, 6
7010111000001*46,16 -ustilatae 21, 2’2 0111111111 76, 23.
*0011011100 27,16 196, 21
-00100111 22314. ’16 uolucres 18, 610100 11,24.119,3.144,18.148,28.

 

