, 70 -
39, 14. 40,6.43,.*11 27. 46, 3.133111111111111132,8 11111111 1397 iudi-

,’6616,16.6Ὕ616Ἡ1 616,’1666Μ1.6,1
· Ι10 19 (60163 22 64 26 6611 1111111111 1462 iudiciorum 8818

18. 20 26. 66, 5. 70, 10 ’20. 71, 89. 166, 6 111111111139,22 1111111111
20. 72, 6. 73,’10. 14. 74, 11. 14. 20. 34,14.36,12. 62, 24. ’64, 6. 173, 17
61Μ166661663666666666661

11. 11. 11. 11, 1. (11, 11.) 11, 1. 11,
mwwwmwwummn
84. 88, 11. 8'8, 10. 11, 18. 88, 18.
1111111111.11111111. 111,
111 111,1.111,11.1’1.11ο,11.

, 121, 7. 16.126,6. 134, 16. 29. 136,
8. 137, 10. 140,11.*1’42, 12. 144,

19. 146, 21. 146, 26. 23. 147,.. 2 28.
160, 24. 161, 2. 4. 162, 11. 163, 21.
166, 3. 167, ’27. 163, 4. 3. 160, 3.

16 iudicant 13:1,88 iudicet 133,18
indicaui 108, 88. 111, 11. 181,18.

' *260, 19 111111111111164,17. 169,14

1161111111 186,3 iudicabuntur 89,
19 1113111111111116 174, 21 iudi-
care 11, 1. 11, 8. 88, 84. 48, 11. 11,
13. 63, 4 iudicari 173, 21. 213, 8.
223, 12 11131111011111 174,10
11131111164,14 iudicantes 133 3 ,
21. 157,111

161, 8. 162, 26. 164, 4. 188, 16. 168 Ἶ11311111 61, 6 iugi 266, 7 11111168, 18. ‘

6. 1’70,8.2’0. 172,’18.173,6.174,
14. 1714, 14. 20. 26. 180, 26. 182, 25.

146, 29. 246, 16. 266, 4. 16. 68, 9.
146, 20 iugis 255, 8. 273, 10

“ 28. 183, 4. 21. 184, 13. 24. *186, 13. iugunientantes 34, 16. 31

27. 186,1.7.187,6.17.*189,21.11111111 (Masinissae f.) 803,11 —-
190, 14. 19199. 106, 6. 17. 196, 2. diui Iulii 70, 18 1111111611 iulia
22. 199, 6. 13. 21. 200, 1.11.16. 106,1 coloniae Iuliae Fanestri
16166ῌ16661166
209, 2. 26. 210, 24. 213, 202144111111111 266,3 iumenta 147, 27.
Μῌ6666661ωωωωωωω
226, 18. 228, 8. 1822230, 1. 6611111661 89,10 iuncturis 47, 9. 18.
16Μ6,66νμ661166
7. 242, 11. 260, 7. 253, 7. 266, 10444488118 186, 17. *206, 13 (iuncum
, 267, 16. 268, 413. 261, 9. 266, 1. 8788 iuncis *11111
268, 17. 267, 12 (88). 274, 6. 278, iungitur 2311 11111112629111111111
*3. 10. 273, 1Ἰ. 16. 13. 281, 21. 283, 166, 4. 261, 14
20- 111111111126,26.33,13.33,”1’1111111111168’,19 iunipero 166, 11
24320 468 122,2. 16217 *169 1111101111 84 21 169,] 1111011113,9.
18. 1111111611.1211122111. 30,7
· 233, *8. ’*11. *88'8, 6 111616110111406 69,11.19.107,
*1111111111111611 itineris 6.138,4 1111111220, 7. 221, 19
103, 5. 224, 26. 263, 12. 264,4 iter 223,14.224,14- 10111 12, 27. 30,
221, 4. 15 222, 4 itinere, 136, 9 7.102,22.160,16
1161111 1111611111. 111, '18181881808481101-814 1, 11
111.36,10.117,22. 119,1.1432,3.1.111131,20 iure 146,13.242,6 iura
223,26’1111111111’11 118,811.1111111’1111 7, 3. 213, 3
117, 16. 132, 8. 148, 23. 220, 13. 1111111 41, 1011111 11161111139.
616166 wa’mm’wfflnmfflffi
66666Μω666,66ῌ6ῌη6666
1ο.111,11.111,11 11.*111, 1 iustas 18, 88 88488
1188 1111111111 2627 *87,12 1111111246,22 -111161
6Η61 ms
· iubeo 1111111 31,21.32,13.61,11.12. iux1a 10, 23. 231,1
69,22.1ο,4.117,1.14. 282,11
1111111661 labidis 192, 8
2111113111111113,17.246,18 11111111- 111111111178, ’7 11611111 111,40 21 1111111-
111111111111 217, 7. 23 1111 *214 27 11614717 (labendo
iucundus 1111116111 202· 8 179, 7) labent-es (100, 7.) 277,16
*iudices 11117. 173, 11. 167, 1 111111- 1161111111111 1279, 14
81'8118188,84 1116111111 11,1.11,17.111,1 1111111

 

