..92-

11611.116,16.111,16.116,16.10. 611661661661661160,1611110.
2823-1166111111116 66111611 23 1161101116111.14,22 patribus
- no minus 80, 1. 106,27.114,14. 111111.7,8.146,8 1611061601. 183,28
111, 23. 16. 116, 16. 160, 6. 111, 1666616666 61, 1

22. 145, 20. 142, 11. 15. 20. 161, 21. patitur 11,11. 16, 24. 6611. 61, 11.
16616. 202, 2. 25. 200, 10. 223, 25 40, 12. 54, 21. 55, 16. 66, 11. 66, 15.
- nihilo minus 221,3 - quo 100,25. 179,7. 221,11. 22222
minus 96, 6 - minime *30, 22. 1161101101 34, 28. 40, 17. 47, 18. 48,
61, 0. 161, 1. 161, 5. 154, 14. 152, 6.61,11.66,1.161,10.16616160,
111. 121,13.202,3.210, 13 25 patiatur 154,10. 161,6 616611-
11113219 pateretur 1026 11616-
rentur 167, 8 patietur 53, 0. 66, 9.
104, 22. 155, 2. 152, 25. 120, 5. 12

fvparuulus 102,2

1161111111 106, 10 port1o4o,8 paruo
203, 26 paruo 24, 6. 231, 9 paruas

23,1--116,1116229,11- minor*81,
6116161111,10.*166,16.161,11,
16 mmus 45, 10. 106, 6. 116, 3.

66666166 22, 0. 100,5. 166, 16. 161,
16 passi sunt 4,16.284,16 poti
6611. 1611

230, 11. 110, 1616 (16116616) Patrae Patris *19,11
minoris 1666, g, 10¹ 102, 6. *MLWUQWS 1161116111 13222 patria

6 ‘minorem 223, 16. 231, 6. 223, 18.

31,9 patrias 2129

’ 161, 11. 166, 1616116 666161013110110 133, 17

61, 15.153,12. 200, 6116, 15. 120,
15. 1621611616. 11610. 213, 60
minores 02, 22. 105‚15. 1061. 116,
22.145,22.151,24.255,13 minora
1422 minorum 1426 minoribus
00, 15. 142,10 minores 25, 10

Patrocles 235,12

pauco 4, 23 pauci 9, 2. 1628 11611-
corum 213,10 pa11ci510,21 pauco
161, 0. 1503 paucis 11111. 106,.
16.163,6.161,11.106,16. 125,15
- in paucis 100, 24

minora 16,1.*111,6.166,16 mi· pa11imenoatas*145,10

notibus 166, 16, 14⁴2¹ 3 .. 36661,“·1111111111011111111113,20. 16222, 11116

minus 120, 20. 126, 18. 216, 8. *14.

254, 5. 13, 5. 511. 14. 61, 13. 20,

24. 215, 8. 221, 11. 222,1
minimum 226, 2 minimam 223, 23
0111111116 68, 3. 69, 11. 80, 10 mini·
mis 2821 - 611661. minimum 66,
4. 67, 20 minimo 24, 9. 79, 21

pauimenti *153, 19. 17220. 24 116-
111111011111111 126, 23. 126, 6. 162, 22
pauimento 64, 2. 96, 23. 170, 1 116-
uimenta (145, 10.) 166, 21. 154, 10
pauimentorum 166, 13. 171, 11
pauimentis 154, 12 - 152,25. 153,
2. 161, 16

pascebat 251‚24 pascuntur 19,10 Paufflum ¹7⁰44

bis pascebantur18,24 pascendo 116111011118,.10.67,16.119,6 paulo
181, 16 pascere 157, 27 52,11. 140,1. 263, 22 —- 3111181.

passim 10, 20, ΠΜ paulum 18, 10. 269, 21 paulo 70,

1111666116 27,6 passuum 20, 22. 27, 4. Paffiffl’ffigsss’ ¹3
*²⁰3'4'oe53’U pa⁸⁵¹¹⁸ ‘²⁶4‘18 11161 pacis 28221 1166612226
-pastos (παστας, nom. 6.) 14211

*6166116610 pastores 111, 16 ξζὲξξῗξὲέξξζῃ,

patefaciunt 2621 patefecit 224, 23 „odino pectinat„ *105 20
1111661116 pateant 03, 4. 103, 11ἧ166116 66,16-111,1 pectore 55,
11611 1161616222, 11. 66, 10 1116 13. (11.) 227, 6 pectora 02, 18
tentem 11⁰, 8· 11. 337, 13 1311111 pectoribus 53, 6. 111, 11. 110, 16
133, 13 5555111513424 11113111Ν1666616111,16666611661616161,
02, ¹9· 108, 18· 103, 25 9929931933 2. 1322 pecuniam 133, 6. 261, 17
544 24· 111,12.41,23.40,2.45, ΡΞ- pecunia 63, 6. 133, 4 pecuniae
20,15.122,12.220,1-pate1111ora 133,24
134, 27 -pocus 1926 - 251,24 1106016 10,10.
Pater (111111 Patris 22, 15. 122, 6. 11. 11616. 11116. 11616. 16611.
169, 9 Patri 13, 9. 30, 10. 90, 26 - 17 pecorum 145, 20 pecoribus 18,
Ὰ1161116237, 11 patre 203, 13. 2328 23. 198, 6

 

