- (30 .-
21.40,11.112, 21.119,29. 192,11. ἱστορούμενα (11111111161111111)

1113. 111, 11. 113, 19. 11111.

290, 19

1Q2mu2umm999ufflum

13111 his 1,15. 2, 15. 6, 28. 7, 11161111111168,7
1111111111113116ω31ω1ω11
1.13,13.11,11.1111111111. Homeromastix 111, 11
omuuuufflmmsfflmmum9

23. 26, 3. 1018. 29, 22. 31, 14. 16.-1111111 65, 26 1111111111 *7, 21. 12,15,

uuumuffiuwuu
111Μ11111111
11111111ω1
uuumuffismms

· , 47, 3. 13. 24. 48, 20. 29. 93, 9. 7. 26.

1111111111, 11, 11,1.11,1.11,
11. 11, 11. 11, 2. 11, 1. 11, 11. 11, 9.
11, 11. 11, 1. 1111. 11, 11. 11, 11.
¹ 11. 13, 11. 11, 1. 11. 11, 4. 1111.

11,11.111,1.111,11. 111,21.111,

1. 111, 13. 111, 9. 111, 1. 111, 11.
111, 11. 11. 113, 1. 11. 111, 1. 13.
11. 111,11.11.111,11. 111, 11. 29.

192,19. 199, 9. 135,2. 111, 1. 111,

11, 1. 1. 11, 1. 11, 11. 11, 11. 113,
19. 111, 1. 131, 1, 1111 homine
99, 29 homines 21, 11. 111131,
11. 33, 11, 31, 11. 13, 2. 194, 19.
111, 11. 111, 19. 294, 14. 209, 1.
213, 12. 248, 16. 279, 21 hominum
11,1.1111.11,1.11,11.11,1.111,
1. 129,12. 12919. 191, 11, 1111.
11. 11111. 111,1.111,1.111,11.
11111 hominibus 191, 11. 111,
16. 212, 18. 213, 6. 9. 216, 23. 233,
3. 249, 11 homines 3328. 19412.
111111. 210, 27 hominibus 266,
19.299,9.299, 19

26. 141,13. 16. 142,1.6. 144,5. *211111111111113 *6, 10

111, 3. 111,1.111,11.111,11.111,111111111111 11111 .
· 3.11.111,11.11.113,1.13.111,1. 111111111111,1 - honeste 13111

11111. 157, 9. 14. 160, 8. (161, 2.) Honoris 69,19. 191, 21 - honorem
191, 20. 192, 9. 111,1.111,1.111, 11111. 29 honores 11111111,
11.171,9.173,21.177,10.178,18. 20. 146, 24. 166, 16. 212, 6. 213,11.
“ 179, 8. 194, 6. 21. 187,2.24. 29. 198, 2999 honoribus 2111121220
, 10. 191, 9. 192, 11. 111111111111111 11, 11. 111, 19 horae 131, 11.
198, 6. 203, 9. 20. 204, 6. 1919. 26. 2399 horarum 218, 29. 226,
209, 19. 219, 9. 13. 111, 9. 12. 24. 11. 111, 11. 299, 1. 131, 3. 11. 22.
222,26. 231,27. 233,7, 234, 18. 236, 240, 6. 241, 6. 9. 23 horas 239, 2.
1.1311.11.11.111,11.11.131,1. 240, 3. 241, 12. 19. 19. 20
2421. 113, 11. 111, 11. 111, 1. 1111111111 111, 14. 299, 11 - 61111111
1111111111. 1111. 1111, 299, 1111111111) 111, 24
6. 17. 264, 6. 268, 7. 271, 5. 272, 1991111111,νῇ 240, 9 horologia 233, 19.
273, 10. 14. 277, 2. 282, 9. 28319 239, 4 horologiorum 7, 14. 212, 2.

rhiemem 11, 1. 11111. 111, 14. 194, 11113. 1113. 9. 111, 9. 11. 131,
27. 186, 21 hiemo 49, 11. 149,2 21. 241, 26 horologiis 23931. 240,

hiemes 35, 14 3- 260, 20

Hierapoli 196, 13 horrescerent 6,7
Hiero 111, 11), 13 *horreum horreo. 149,19.148,9

Himeras ηδ’, hon-iu 149, 24 horrida 111, 29.

Hipparchus ³232, 24 ¹⁶⁸² ¹⁸

ᾗξέζὲἑῗὸᾞοξὲζε 191, 1,, lilii? (iio,l ii' 21111111 199,14

“hirundinum 34,7 150, ῃ, 14

*hlffldmlfflm ¹¹· ¹⁸⁰d9l¹¹¹¹¹¹¹. *Ι 11111111111111111111111111111111,
111591211120179910 ruspama ³224· 11111111111111111011111111
1131413414. 17615 , hospitio 91, 11. 11111111, 19
hsspamco 166114 ‘hostias 214, 21
4hishoria 109,'8 historio 161,7 histo· llostiliunr 20,13
riae 5,.12. 103,8 historias 3,13. -111111121, 7. 16. 22,7 hostem 21, 18.
1,1 historiis 111,1

Ὶ1311111113111111 199,9 hospitibus

22, 11. 292, 9 hostes 9, 9. 22, 4.

 

