- 36’..

Diadas 133, 2. 313, 11. 13 Diade 151,o. 131, 33. 133, 11. 113, 3. 33.
*31313 311111.113,3.133,13.133,1.13.
diagonalis 313, 33 333, 13. 313, 3. 214, 21. 313, 3. 228,
Α11030111030131 141, *5. *6, *153, 23. 9229, 10. 230,1.2. 233, 20. 234, 4.
· *213 25 1111(οηῖ3311,1 (111113-13.235,10.19.236,14(15).2385.
11100 7*87, 11. 153, 25 242, 6. 243, 28. 246, 52. 252, 3. 260,
diagramma' 113, 21. 715, 3 ‹liagnam- 3 252, 3. 331, 3. 13. 22. 333, 1. 13.
1113131361.) 274,18.275,14.23 (11331113149.
-diametros 79, 1. 13331. 131,11. 311, 11, 22. 13, 11. 33, 25. 13, 24. 100,
11 diametri 11313. 13 diame· 31. 113,11.113,11.111,3. 1313.
31313131,1(333,131 diametron 7.150,5.18.151,23 131, 1. 113,
118, 510. *263, 13 (1131110110 74 5. 21. 192, 24. 198, 18. 199, 37229, 14.
795.190,22.225,11.284,25 (118- 2395. 7253,18.7238,.9 276,3. 7277, .
11131103*234,23.*235,1 (1133131133 13. 278 3 (11313333123721113111111
85,14.235,7 331 ¹'781217515 (1133133825
Dianae 59,1.75,1.4.71,13.101,19. 88, 8. 1731, 24. 157, 8. 181, 11. 21
159, 2. 8, 181, 5. 7. 240, 28. 251, 22 dixisse 37, 23 5218 dicendum
1113113313, 9 85, 1 250, 28 (1133111111 31, 28
diapason (5715.) 113,18.22.23.24.3’(113111111 242,10 '
115, 27 diducatur (11311 saepe 615111 79,15
-5157112755 *127 22 diducto 25, 24. 28, 29. 234, 27. 9.
013331133311313.1111113334.3331 17111715175717,15 (1111113311-
1147 2. 97115, 17, 28 (111111235,16
fd1asiylos1o 14 (1133111171, 10 35-*315129 4. 221, 22. 236,5 (1131227,
115ylo73, 171. 78, 7 (111113311383, 10 7. 23 diom7 34, 22. 88, 7, 228, 8.
Α111ι10911010116,15.9,19. 113,17.22. 238,13 die 14, 710. 150, 12. 187, 5
23. 114, 1. 79. 23. 24. 115, 1013. 2. 11. 14, 195, 11.7 220, 9. 221, 6. 14.
13(55).14.15. 17. 23752'8). 24. 2555 225, 814. 226, 3. 5. 11. 151519.
*313330133131133111)11,12 282,15,283,5 dies 227, 21 ‹lie-
γᾶιάθυρα (777541ryro)175l 4 111111 220, 28. 221, 19. 22518226,
1113113333 (diatonon) 111715 31311- 22. 227, 1. 15. 25. 233, 8. 238, 23.
νους (11131311331*48,18 diatonon 239, 29. 240, 7. 241, 5 1113311333.
(diatonum) 115, *22. *25. *24 013 229, 26. 221, 8. 11. 225, 15. 240, 3
*25. *27 diatoni 111,19. 115, 9 (11011113 108, 74. 221, 10. 21. 24. 25.
1111113113·111,25.113,8 238, 15- -in diom73210, 12- in
18633433 (1113313111) *127,8 dios7 34, 10. 13. 225, 8
(1111131111113*119,1 -1110313 1117‚23 (1133311 111, *22. *23
1113113133. 68, 3 3631133 544ov(diozougmen‹7n) 113, 14
dicunt 5, 21. 28, 14. 55, 20. 57,8. 9. diozo gmenon ΙΙΙ112, 19. 113, *1. *2.
16. 68, 4. 77, 16. 82, 5. 119, 13. 135, *114, 24. 115, t13. <2³5
24.1375,.2 7151, 1. 235,15.245,87 316313’3111111313,131113133133333,
dicamus 111, 3 7dioam ’.6131 38, 19. 20. 280, 8
38, 1. 84, 29, 783, 27. 90,8. 102, 17. diffieilia'110,1o.124,20 difficiles
104,25.140,5.146,15.175,15224 4,4.14,18.7132,5 577501115194,13
21. 7225, 22. 228,3. 235, 12. 255,17 (111631113133 255,14- (1161391131
(11331116, 7. 205 3 (1111144, 16. 979, 21,17-(111631111012413.17.40,12
18. 133, 22. 1597, 25. 179, 21 230, (1118001131οω 71, 13
1.3. 258,19.272,179 (1131111113 106, 10 (11113331454
(1113111111 57,5.789, 12. 132, 12. 1755, 1111113313 331131 251,4
21.157,3 dixissem 33,7 (11311111 11161111333111*133,3(11161331133)
3, 7. 3, 20. 11’,11. 13.17.12,22.25. (1111114118 281,18 digitales 165, 4
25, 22. 39, 3 7. 44, 1446114728-(11111111269, 18 digitum 5512 575, 19
50, 10, 56, 15. 58, 72.1 80, 25. 4 53 2055 digito 12,17 digiti 553
86 ,22. 5775 6,.11 ’,68 20. 81, 15. 86, (1131101301 66, 22. 100, 10. 153, 19.
17. 91, 18. 92, 9. 93, 7. 113, 7. 12.7 208, 8. 209, 715 257, 24. 251, 9.
,14.1o.7119,25.131,715.149,715.22. 1313313138. 17 55. 19 ‘15.

 

