-1ffl-

999ῌ9ΜΜ99
9999999999
116626166,4.17026172,.9
177, 11181, 4. 184, 4. 192, 27. 206,
19214, 11. 22918. 2224914
999999,1919,
1.16.278,1.9.279,81919199
9999999999
999919999,
8. 16. 133, 29. 176, 3. 7. 1891924.
1999Μ199991
99999991
191161911162,26 91199
9199991919
ἦ99999999999191
1999

1 1111111911 192, 24

sulphurosum 191,19 sulphurosi
999999199919,
26 est 9111 passim —- id 91 9,11.
1ΜῌΜ9Μ9999
9999999999
10. 264, 18 266, 4- *911 9, 10. 12.
999ΜῌΜ999
21. 286, 4. 18. 244, 4 267, 18. (107,
6 286 11. 244 ,1>(58, 6. 171, 13.
216,10.216,9.ξ42,.12) *111111,19
11. 46,18.101, 1 11291827ομ6
9Μ9Η’.9Μ9(9Μ.
24119. 269 ,22) sun 13311 1113,
1216614 17. 7,16. 16 2421

· 9919999999

99999υ9999
999199199991
99999991999
999999999
9999999999.
9999Ν.9Μ9Η.8
wfflm2mwuwmu,2.
9999,9999
1999191,Μ9’9.)
19Μ991991Η9,1.
1999991991919
9999999999
999999999
9999999999
99199911191991
919999991991
1991919991999
1999991999.
99199199999
11999999999
9999999991
,9999999999
9999999999,

9999999999
9999999999
9999999999
99Μ9Μω9ω99
99ῌΜ999ΜΜ9
199999ω9999
999ῌΜ9Μ999
19999999999
1999999991999
199999ωω99,
999Η9Μ9Η99
999ΜΜ9999.
99991999η1

,999999999

wwwfflmmwmmma
zwwmwwmmmm
1.9ωη9,9999,9
9,99ΜΜ9999
278, 4. 279, 8. *11 919112, 8
991,9.9999999
91999999999
9999999999
9999ῌΜ9ΜΜ9
999ωω9999.
91199991919999
999111119919919,
wwwmnmmwuw
mmfflwwfflmmo.
9,9.9Η99999
9ΗΗ999999ῌ.
91999Μ’999
99999Η9Μ91

9991999999
9999999999
9999999999
9999999999
199999999919
99999999919
9,1999999991
1.99ΛῌΜ19Μ99
1Η99999999
9999999991
99999999199
9999999999
99999999999
9999999999
9999999999
12. 22. 111, 9 19 6. 9. 118, 3. 9
9999999999
199999999
ΜΜΜΜ99999,

9999999999
19199199199.
1Μ99999999
99999999199
9. 9191. 9 91, 9. 9. 9

 

