-126-

1010101011272,16 sonere116fspeeteculoe4st spectaculorum
10. 16. 266, 20 sonando 264,1s 106,14. 111, 1011. 1410101400
sonans 121,16 sonantia 114, 21 spectacula 106,4 spectaculis 60,
10111101263,2 sonantibus 116,23 2. 109, 15

100111 135, 20 sonorum 111,12.113,111001111011011 244, 4 spectationes
20.166,6.131,6 246,10 spectationibus *10014
Soractinae 44, 22 ...spectator spectatorum 6,12. 110,12
*sordes 2302 110010 spectat 16, 10. 49, 5. 114, 13.
-10101112,2 1100140110110, 1012 010-

spargent 16,6 sparguntur 66,4 etant 16,16.16,11. 14421. 149,
spargere 11,0 sparsa 206,5 26.161,16 spectet 96,2. 22029 ,
sparso 100, 10 spectent 66, 4. 102,16. 144,14.

sparso 166,14 146, 26. 141, 21‘ spectarent 1, 4

spatiosus 150,3 spatiosae 121, 10. spectabunt 16, 8. 10, 19. 117, 22
140, 22 spatiosos 102,12 spatio· spectauerit 128,2 spectauerint
111 126,16 spatiosis 149, 2. 152, 124,6 11001110 95, 27. 96, 12. 111,
23 - spatioffieres 146, 13 spa· 12. 128, 20. 144, 13. 18. 146, 26
11011011 105, 5. 145, 23 spectando 14014 spectans 16,1

“261601010660 1· 1000000101...-

········· 1 ’ 1 ⁰ 1

110,11. 100, 0. 100, 60. 141, 16. 60 101, 1. 144, 1. 141, 22 spectan-
148, 16. 149, 9. 225, 13. 259, 12. tibus 51, 20 -— subet. spectantis
266, 10 spatii *1001110017 240, 25
spatio 11, 2. 111, 22 spatium 34‚-speculatorssius 266,11
00, 04, 21. 114, 11114, 10. 110114110011111 10010 - 11011. 261, 11
141,6. 100,,4. 10111, 1101110. speculorum 166,12
221, 11. 14. 110, 10. 10. 111, 1. 10.-1100111001 1011100 11001101,
26. 266, (11.1 10. 111,·10 spatio 10 specus 116,10.201,16.264,2.6.
22, 26. 10, 21. 21, 1. 14, 11, 01, 10. *101,11.100,10.*11.1011111
53, 10. 80, 20. 9016. 103, 26, 149Γ110111105 200, 28 speluncas 34, 6
8. 152, 9. 20. 153, 16. 22. 192, 6. speluncis 66,14.119,21
208, 20, 212, 15. 223, 16. 226, 10. 1101011,2.32,25.133,10 speremus
226, 11. 2414 1110131010. 01, 101, 10 ·
101010101000,10001000111111 1101111401 spe 1404
4. 10014. 11011.110,1110011111110101011 206, 10 ccc. 0.*100, 11
258, 4. 2 spatiis 99, 12 111111Ὶ1100*228,8 spica testacca 166,11
6610. 0011, 61, 12. 10011. 144, spissus 1644
2. 112, 14. 221, 6. 16. 11011. 221,-spinam 11010
1. 26. 239, 8. 22. 240, 2. 6. 26. 241,*·epira 126, <5> 8 spirae 11, 18. 78, 5
6.0.16.16.10.21. 100, 11. 266, 0. spirenses. 123,4 spirae 16, 26.
262, 10. 104, 11. 266, 26. 100, 4. 11, 6. 00, 24. 26 spirarum 11, 1.

,11041100 1101101014.) 12,6.16,11 spiris 16,26.16,1.

mmmmmsn manus
,lspecies 12, 0. 101100, 10. 66, 21. spirabile 140101404
00, 26. 04, 11. 166, 6. 11011111>111111110111111111001110014 spire-
10, 104, 14. 110, 11. 222, 14. (226, ments 1⁷0.9 - *11
1) speciem 010. 1010. 00, 1111110111 10010. 164, 11. 10011111,
64, 4. 6616. 66, 10. 11, 22. 14, 2. 4. 202, 26 spiritus 26,21. 164, *0.
01, 11. 62, 11. 64, 166, 4. 0010. 22. 10010. 100, 0. 10014. 261, 6.
197, 21. 119, 17. 25. 26. 126, 18. 19. 244, 19 spiritum 24, 4. 137, 8. 262,
1001.10011100141101101, 16 spiritu 101. 1014101110.
1411001100,1,00,*1.*10.01,10. 100, *10. *10 spiritus 0, 14. 10, 0,
110, 4 species 11,21. 101111, 26, 6. 16. 10010. 100, 16. 211, 4.
17. 13, 2. 36, 26. 83, 23. 119, 15 20211.1001110011.14020100,
speciosam 46, 23 - speciosiss-e 6. 19228210, 1010. 23021 spi·
146, 22 ritibus 193, 12

 

