-148-·

81,14.151,81.154,1. 155,1. 188,

11.151,55.155,55.115,15

5115 1111555194, 20 5115111151 16,3

5115555151 14, 20. 108, 22 511511-

1155 55111 108, 27 5115555111 23,17

· 51155115 34,17 uitare 81,8 uitari

55, 5. 151, 51

*uitri 49, 18. 184, 18 uitro 188, 1
uituperetur 32, 8‘ vituperandi 55111

156,1 5115551555 158,10 5115-

551511 157, 22

5155 5111515111 156, 4. 212, 20

umorem 88,88. 81, 18. 5551. 51,
18. 188,18. 185, 8. 158,8.188,18.
188, 22. 188, 10. 88 umore 11,11.
15, 11. 11, 15. 55 15, 55. 15, 515,
155555555
12. 61, 25. 124, 18. 188, 18. 187,18.
111, 81. 151, 11. 115, 5. 180,18.
181, 10. 188, 81. 810, 51 umores
55, 11. 123, 29. 185, 24. 188, 19. 25
umorum 181,18.*803,84 umores
80, 8. 51, 8. 80. 81, 88. 108,80. 188,
51. 51. 115, 4. 181, 18. 88. 188, 8.

uiuus uiua 55, 55 uiuum 111, 15. 18. 55. 155, 1. 8. 181,18. 155, 55.
178,4 5151177,7.178,12 515515 18815
*1585 ui118808,13 5150855,18 una 515. 1, 15. 51, 15. 55, 51555.
nix 5, 15. 5, 5. 511,5 151,55.55.155,15.155515511.
Ulixis 115, 55 111,11.555,15.(551,15)-
51151551, 1 ulla 85, 8. 188, 8. 804, 21*unuini8 125, 26
511515199,651”5 5111115158,1οκ555523,25 5555511155 511115.
511115511111511 115, 8. 184, 8. 118,15.188,8 undarum 108, 88.
158, 84 1110111,8 511155,5. 551151 5115111555551 undis
158, 8. 515, 15 ullis 888,11 - 551, 15
5808. 5110 51,4 unde rel. 18, 15. 55, 5. 55, 5. 15, 8.
-11111585588855118 ulmo 14,81 181. 111, 4. 11. 158, 13. 115, 51.
ulterior 81,10 ulteriore 88,14 - 118, 18. 185, 8. 181, 4. 810‚18. 85.
511111115232,2 22515. 25319 5115551511. 25,
ultra - ultro 151, 55 15. 55, 1588, 8. 5555 15. 80,8
51115 64,10 111115 51115 111,8 undecim 01,1.14
51115 35,15. 130,14 undenas 5515
umbilicus 65, 26 umbilico 66,2 undeuiginta 221,23
»cumbra 85, 55. 88, 1. 5515. 818, 80. ungo u. unguo ·
233, 17. 234, 7 umbrae 25, 21. 2555535551 *97, 20
28, 20. 218, 26. 28. 233, 10.18.18.x1111g1118 188, 19 - 231, 7 ungulae
80, 8. 88, 88 5515151113,1 umbra 229,1
219, 23 umbrae 233,14 51111115- unguuntur *195, 14 ungatur 187,3
0 1551 188, 8818, 84 umbras 27,1. 555155555158,22553111(5ῃςυοή)
187, 27. 218, 17 umbris 126,15. *185, 18 55515 258,11 511511 195,
155,11.155,5.555,1 15 unctae 555, 55 1151111555
Umbria 44, 84 11551111 *128, 10
umbrosis 01,18 5515515523,1 5111551555 11,15.12,
*51551511135182286 [5551522814 15 uniuersi 11,15 uniuersam 05,
umeros 101,80.888, 15 55. 5515. 5515 uniuersi 151,1
umida 47,1.187,15 umidum 187,9 uniuersae 68, 22 uniuersos 188, 84
umidae 58, 55 umidam 88, 80 unus 81‚1.50,18. 115, 85. 111,18.
551155551551115155,11.111,51 55555551.551,15.555,5.555,1
umidae 13, 15. (54, 14) umidos 555 15, 7. 10. 41, 8. 9. 48, 13. 72, 8.
111, 55 umidis 188, 88. 188, 81. 1511.1515151555155515,
155, 11 - 5511.15 umido 55515 5. 80, 15. 11. 55, 511. 51, 15. 51,
umidis 188, 51 - umidissimi 11.55.55,5.55,15.55,15.1551.
χ1555111, 15. 15, 10. 155, 55. 155, 8.
185,5.188,10.110‚8.181,18 umo-
ris 11, 81. 18, 510. 1115. 1511.
15551555.55155551155,
1. 1. 1515. 51, 15. 185,8.10. 181,
8. 15.811,8.184,15.188,18.188,4

mummmmmmmm
mmmmmmfflm
8mmm8mummm
8mmmmmmmmm8
8, 15. 88, 88. 80, 8. 41, 85. 11, 55.
mmmmnwmmwm
8mmmmmmmm88

 

