-19-'

236, 16 aix arce 35, 21. 50, 3. 10991. 1595
Aristides 9048 ‚as asse 67,10 asses 68, 2. 269, 23.
Aristippus 131,14 262, 16. 68, 15. 260,4 assibus 68
Aristomenes 63, 23 8210, 8
Aristophanes 132,14.169,21.167,6 ascendunt 71, 6 ascendatur 76,16

Aristophanen 156, 21 167, 16 ascendentem 273, 21

. Aristot'eles155,15 11116161 6116212, 21 18666661066111 220, 7
Α1161ο1166618,’11. 116,3 3116161661666061161111270, 20 ’6616166612108 21
110, 29 1166666611 ci Pers. 276 ,118 ascen
4arithnieticen 24, 2 611621111021191
616361661661’137,24 616163366616165123
6166166616116*169,’7 ascietur 165, 21 0
marmariis 167,12 “ Asiae 190,14 Asiam 84, 26. 86,3
κ6116661616 176, 9. 2179, 23 Asia 39, 16. 43, 27. 72, 15. 224, 23
κ-61616616198,1’6 1616136116 198 9 senpectas 12, 10. 24. 13, 21. 68, 26. 71,

rsrnrigera 30, 20 8. 72, 24. 75, 6. 139, ’22. 140, 3. 174, ,

-111611111626916 15 armillis 959, 8. 5 644 93, 21. 181, 22 aspectui 142,
10 16 7 66661116181113818 aspectu
armo armaaisset 36, 4 armati 611111·64,12. 72, 21. 73, 24.’ 82, 13. 86,
10,14111111616617611116112119 21 3ῧ 20 130, 5 168, 29 192, 26
{arminia 6. harmonia 1161161116 107,3
arrectaria 277, 21 27813, 274,1,8 asper asperum 14, 7·- asperrima .

61166131161616 63, 26 arrectariis 211,11-61·86111616137,16
169,16.273,9 166661116161638, 6. 40, 6. 73, 1. 174,6

11116116 49, 8· asperitates 27814

arrogans 6. adrogans *aspergo 311661. 1949

16166116 11, s. 5. a 31, se 33, 11. 33, 31611166 *166, 21
19. 24. 64, 4, 87, 9. 103, 14. 168,18.’ aspiciamus 945, ’1 aspicerent 34, 4
162, 2. 244, 19. 954, 3 2288, 28 ar. aspiciantur 146, 17. 204, 26 aspi-
16611313 611618,183,14,84,66166161922366616166116414
16 111, is 139 83 133,7134,.s aspicere 23, 28. 61,3. 62,.4 137, 16
28,162,3,173,21,178,’,8 818, 8 aspicientes5,8 aspicientibus 71,
243, 26. 244 7 artes 159, 13 1111111111 6169, 6

7,20. 8, 21. 36, 9. 173, 11 6111611611168161011 203, 71

246 9 artes 9, 9. 35, ’2.7 36, 6 1653313406 (asplenon) *19, 16

artibus 2 ,.19 8‚6. 9,’4.10,8’. 132, ass.. 6. s. ads.
18. 175, 312681 asseres 88, 16. 90, 3. 8. 166, 4. 6. ‘³³

6861611161 (arsenicon) *176, 24 asseram 89, 221 99,1 asseribus
‘ Arsinoes 86,11 140, 11.164,3.166,13
arte udo. 249, 16 vassalis 176, 21
1116 amisis. 51, 1.4 19. 22 Artemisiae (assus ci Ditlefsen 9146 assa s·trn
61, 8 Arteinisiis *51, 6 61616)
,111161166662493 Aetasobam (Astansobam) ³191, 4
*arteriace 24,14 · Astoboam 2191, 4
*astionis 66, 11 61116616346682366116861661781187,16.27,166611·1-
68, 17 ¹ 8111697,13.98,2 astragali 78,4
*artifex artificis 6, 7. 175, 4. 214, 6 astragalis 781. 98,4
6111866163, 12 61118666’9, 2. 63,’ 4. 1361161681616 3,16.10,10 astrologia
88, 20 112,’8.117,9. l20‚17. 133, 7,11.*117,3239‚8 9331
22. 169, 16. 9, 6 6111861616 210 0 astrologus 23816 (6611611181 117 ,3)
2384 6611616816 9, 17·
6111861616111248, 18 6111861661324, 1. 661161166116224,4 astrorum '1 13
236,4.·137,19’31,.4 117, 4. 222, 16. 224, 17. 230,
161118616111611186161616 63, ,3.180,6 20. 232, 12 astris 226,1
f 1.611111666.1,3410219,12 asty 161.16194,18

 

