..93-

pedeti 119,1 pedalia 2120 · 191,11.19.199,10 199, 1. 11. 101,
«pelagi 129, 25 pelagus (pelagum) 1. 6. 205,19. 206, 23. 207,14. 208,
*61, 16 pelago 189, 1 · 10. 21. 20. 210, 4. 6. 20. 211, 4. 217,
„pelecinum 230, 20 es. 10911 10. 111, 11. 19. 119, 11911. 220,

..pelle 31, 19 (pellem 1119. 111, 1) 17118)- 1111111111, 91118.
uitne esne 191119.111,11.119,11,190,1.

Pe oponneso 84,19 - Peloponnen· 131, 4. 13. 131, 6. 234, 8. 12. 21.
111111 , 11191911 111191, 113111.

κρθιώ, 1372 11.,11.111,1.110,1,1.119.10. ·

pendet 230, 11. 111, 19 pendeat 11- 11· 111, 3· 11. 17· 10· 113, 11-
120, 23 pendebat *119, 10 pen· 1111099111,91111111, 11
dentem 11111 pendenti 1119 111, 111111· 111,17· 111, 11·
pendentes 201,1 pendentia 203, 1111113·11111111111-111,

19.111,9.191,11.191, 11 — in 4· 1· 1111· 111, 13· 11· 11, 111,
pendfflpb„ ,Μ ,w 11. 1911. 11119, 21. 190, 9. 10.

pendo pendere 4, 19ι 231, 11 262, 23. 24. 263, 3. 13. 264, 23. 200,

penetruaissent 51, 13 penetrare 22, ²⁷·2⁶⁶1⁹·²391⁴·²⁷214· ¹⁰· ¹2· ¹⁶·

Γ
,111,-,11999111 01,111032itte-300

penitus 19,11.19,19.11,19.41,11. ξ’,ζ pen ¹¹¹⁰ 201, 1 pen ⁸0
11, 11. 11, 11. 11, 2. 03, 11. 11,.1. ·

11111.191,11.191,19.19.111,1 1111111131111 t ,Β
χ[1911111(111111111)1119,9, · 21111910 peraequent 100, 20.

.. 221,8 peraequatur 179,4 per-
*Penffiha ‘²3⁷³ aequate aunt 112,2 peraequatis

ppcmionem 269, 23 pensiones 202,12 265, 4· 2¹9, ,7

11111119010111110101)3911 ⁷⁸⁸⁹· peregit 14117 peragunt 120,17.
eednpenpentedonoe)*30,1 2⁰¹1· 110,11.111,4 peraget 1111 pen-
terdonensem egi 11, 11. 1191 peregere 91,1

nendpetpen (pentemoeron) *(11.1 peregens 111,1.111,19.111,11.
enteepaeton 246, 26 241,11 peractumhaheat263,11
entelenflem *1116 percalefactum est 189,10 percale-
„penus pen. 202,4 penn100,12 seete eunt 100,11 eneciefieni
.Ρθ111111111111101173,5 Ι199,9 011011119911909193,22
per 1,12.2,1. 14. 4, 1. 2. 13. 6, 5. 16, percalefactus *189, 12 percale-
9. 11,1. 19101111. 11,1.11,19. reete (penendi.) *101, 11. 132, 1
28. 28, 26. 29, 9. 30, 22. 32, 24. 34, percalefactum 10, 20 percalefacti
11. 1111. 111,11. 119. 10, 11. 19, 1991
111, 1111411 1111111119, percandefacit 102,10
8. 00,<1> 3. 7. 9. 100012. 15. 27. percipit 183, 22 percipimus 12, 10
57, 1. 59, 8. 00,3. 10. 17. 71,7 79, perceperunt 103, 2 percipere 8,
11. 11, 1. 2. 19, 1111. 91, 21.. 99, 11. 1111111,19.191,11.110,11
103, 8. 1110116. 106, 20. 100,21.>(pcrcolationibus 211,12 ⁸
168,16.110,10.14. 111, 6. 117, 6. percolo percolantur 188,4 perco-
119,1.11.111,10.90.111,11.119, inm 111, 11
23. 26. 128, 11. 14. 123, 6. 111,19. percontantibus 4,11
134,18.136,12. 137,15.16. 139, percoquo percocta fuerint 205, 10
11.111111.141,11.111,11,110, 111111919910
20.102,21.103,0.(10).100,0.100. permutarem
1.119,9.111,11.111,9.1.111,11. percurrit 191, 4. 110,19. 111,19.
111,1,11.119,11.110,11.111,1. 13. 111,10 (percurrere ,111,
19. 111,11.111,9.19.11.11.111, 111, 11) percurrendo 222, 3. 221,
22. 188, 3. 10. 23. 189, 11. 190, 12. 16 percurrens 221, 6. 102, 4. 204,
191, 141519. 192, 5. 14. 20. 21. 1. 220, 10 arcumentes 192, 21.
193, 1.3.11.20. 194, aeda. 195, 195,10. 22οΛ percurrentia
- 1. 0. 10. 11. 191, 9. 21. 191, 1. 11. 191, 10

 

