..02-

isdem 33, 20 eaedem 8, 2. 66, 1. 24. 147, 27. 178, 3. 179, 10. 131, 18.
11, 11. 132, 13. 142, 2. 143, 12 11111.111,14.11,114,1.111,1.
1111111111 eisdem 11,4. 111, 233, 23 igni 411. 1111. 11, 10..
14. 220, 11. 111, 1. 11111111. 11, 1. 11, 0. 130,1.13. 1111. 111,
111,11.*111,1.111,1.11111 is· 11. 111, 11 1111114111
dem (hisdem sere tenperGH.)15,11gnominit't 133, 16
16. 84, 22. 86, 2. 88, 7. 89,19. 98, ignoscatur 11,3
24. 99, 21. 101, 9. 16. 102, 1. 3. lontignotitiem 34,4
100, 23. 11111. 122, 20. 123, 1. ignotus 133, 11 ignota 200,23. 231,
140, 11. 200, 20 23 pl. 11114111. 131, 10
identidem 2132 Iliadem *111,11
Δ ideo 1, 13. 11111. 10, 13. 11, 2. 11111111 188, 18 ‚
111. 24, 11. 1111. 30, 13. 33,11. iiie 31, 22 itit 233, 23 illam 1111.
11. 11, 11. 40, 24. 41,23. 42, 20. 43, 231,10 1111111111) iiii 1111
3. 10. 4111. 41, 1. *11, 1. 1111611181 111. 1114 imaginis 31, 23
111. 33, 13. 00, 3. 01, 19. 23. 32, imaginem 23, 10. 33, 23. 233, 21
24. 1111. 111. 32, 11. 1111. 30, imagines 142, 11. 133, 23. 133, 3.
3. 103, 3. 103,1.103,23. 113, 13. 4,1ο.11,1.11,11.111,11. 11111.
110, 19. 118, 1. 120, 16. 132, 16. 103,1.3.132,10.240,3 imagini-
, 111, 0. 114, 3. 133, 21. 144,13. 143, tm 30,3. 11
24. 143,10. 130,14. 161, 8. 13. 134,-imbres 121, 26. 188, 18 imbrium
8. 160, 6. 108,10. 103,13. 173, 21. 183,17 imbres 34,1i.13. 1331.
130,10. 130, 3. 1111111114. 1111 imbribus 11, 4. 111. *11,
11111.1111111111111111. 1.111,1,111,11.111,14
103,10. 11111. 1111. 11111111, imbricata 40, 23
3. 11111.11111111111111. (imbuitur 11111) imbutus 11,3
*111, 11 imitabili 14, 11
101013134,21 11111111 164,21 1111111111111111 8118 imitationem 86,18.
114, 13 30, 1. 133, 2. 233, 22 imitatione
idonea 40, 2. 3. 183, 10 idoneum 20, 89, 10. 119, 26
14. 123, 8. 166, 19. 31, 13. 49, 26 imitor imitarentur *11111 imitati
idoneam 2013 idonei 13, 24 ido· 111188,21.172,7 imitari 103,18.
neae 11111114. 1111. 11114 130,24. 132, 13 imitantes 34, 3.
idonea 104, 10. 1111 1111114111 .
*iecur iocinera 18, 26 iocinerum immolabant 18, 23 immolantes 9⁶23
18, 28 immolatis 13, 23 immolauisse
tieiunites 43,11 ieiunitatem 170, 23 214, 22
ieiunitate 188, 12 *imperator 1,1. 32, 22. 68, 2264, 16.
igitur 0, 3. 10, 11. 13, 3. 31, 10. 33, 33, 13. 103, 2. 141, 11
13. 33, 21. 33, 11. 42, 3. 13. 43, 0. inperitis 133, 23
44, 1. 43, 3. 63, 1. 66, 13. 84, 6. 106, imperii 1, 13. 86,1. 133, 11 imperio
4.110,4.112,4. 1111. 11. 11111. ·30,22 imperium 2,1 imperio
133, 13. 133,23.143,13.133, 13. 1,2
184, 17. 194, 11. 108, 16. 223, 3. impero imperabit 43, 21 imperaret
240, 23. 243, 14. 233, 11. 11111. *111 (imperantem) inpera-
2611 1111112112 11111111111169,19
ignarus 3,13.3, 13 11111111111111169,28 imperare
...ignis 4111. 1111. 111, 10. 11114. 111 “
133, 11. 132, 14. 200, 11. 114, 3. impetrauit *131, 3 impetrauerant
231, 0 932. 1111. 11111141, 1114 (impetrauerat 11111
13. 20. '23. 42, 11. 11. 11. 41, iiimpttm 11,11.11,11.144,11. 134,
44, 0. 43, 9. 18. 20. 22. 66, 4. 20. 24 188, 8. 198, 3. 222,20 impetum
31, 1. 3. 1111, 0. 33, 11. 143, 0. 111,141111111111111,111,
111, 3. 133, 10. 130,10. 131, 3. 0. 1111, 11 1111111111. 11, 11. 11,
111,11.111,1.114,11 ignem 24, 11, 114, 20. 133,14. 133, 11. 114,
4. 3. 33, 13. 33, 11. 20. 33,10. 140, 20. 223, 4. 11. 111, 14. 1111114,

 

