..fig-

intre 8718. 66, 17. *123, 13. (171, 14.) uentu 88, 8. 187, 20 iuuentus 10,
778, 8. 878, 78. 788, 10. 233, 21. 13 1111311122322223321
2888 18678 8. 887. 22,22.23,13.-7-187788618 12, 0. 86, 20 inuentionis
33, 7887878878. 788, 777888. *788 87788 inuentionem 33, 28.
887, 7878888. 88877887, 77, 88, 78 inuentione 77, 7. 877, 20.
223,11.13.231‚4 · 7788 inuentiones 33, 78887.

intrinsecus 47, 7. 11. 187, 3 186, 26. 33, 11. 88, 21. 232, 12 18-

intro 126,16.146,10 uentiouibue 24, 1. 34, 12. 36, 23.

introeuntibus 143, 2 18678 888711 186, (6) 11. 216, 23. 217, 8
146,10 ’48888688808624811 1888868216,8

-186781688 143,6 1888888688 76, 6 1877888868 88, 27.

introrsus 22, 26. 87, 13. 94, 26. 107,7. 30, 26 188887786878 180, 13 1888-
127, 19. 129, 2. 142, 21. 149, 10. 11. nuttam 32, 13. 74, 2 1118888860
103, 17. 231, 12. 202, 6. 270, 7 178, 22 1888718868. 203, 20

(intuentur 27817) 7188888718 10814

18688 277,17 1888761 267,3 188878878187,4.238,

inualidis *778, 78 7. 78877. 787, 78 inuersa 777, 78

inuehuntur 106, 20. 143, 8. 264, 26 inuictus 212,18 18818661,2 18·

inuehuntur 212,10 18888688 8878 v

818688 1388

60, 26 innecte 886 61, 16 inuehi 188101888166,3

7888

18817118 1082

1888818776 48, 26. 181, 16 1888818- 1881816868 213, 21
17886182 188881786166,13 iu· 18816817886 161813 1881677618 subet.

ueniet 263, 7 188881 204, 7 1888-

778, 77

nit 77, 77. 778, 78. 78. 78787, 8 innocen ω non uoe. 778, 78
1888887886 13,13. 68, 12. 216, 23. 18881816 261, 14 1888181687 230, 4

233, 1 inuenisset 32, 6. 214, 20
inuenissent 86, 23 inuenitur 12,
23. 778, e. 777, 11. 778, e. 132, 8. 7.
- 7887887878 inueniuntur 88,,
10, 11. 12, 3. 78 8. 77, 77, 78. 787,
8. 788, 3. 787, 78. 778, 77. 787, 7.
78878. 887, 7. 233, 78 inueniatur
183, 3. 2086 inueniuntur 26,17.

1888177886777 272,11 18881868 est
233, 13 1888186778 8186 80,4 iu·
uolutus 8786 273,3 18881868 eret
778, 77 inuentae erant 2⁷3,11
inuoluendo 246, 22. 248, 13. 267,2.
268, 14. 266, 20 1888177688 248, 12
inuoluta 266, 26 1877818688 268, 21
inuolutis *261,8 ,

162, 6. 131, 17 inueniretur 176, 128788186188887 2681
inuenietur 88, 8. 7. 78, 77. 87, 7877878888 787, 78
788, 7. 787, 78788, 77. 7888 in· inutilis *77, 1. 88, 8 inutile 203,3

uenientnr 177,16. 180, 16 188877-

188611887 207810 18861118 147, 28

tus est 66, 23. 213,1 1888868886 Iollam 133, 20 ,
72, 24. 83, 6. 10. 26. 180, 27 inuen- Ion Ioni 86,1 1888 86, 13 —· 18888

tum est 131, 19. 170, 23. 173,10

86, 6. 86, 16 Ioues 86, 11

18888688 suut 180, 26 18888688886 Ioniam 86,13
788, s. 888, 77. 8887 inuenta sit ionica 77, 7. 87,’77. 88, 78. 88, 78.

6817 inuenta 8186236, 12 inuen-
6778 8186 261, 20 inuenti essent
63, 20 inuentae essent 246, 20 18·
uentu essent 246, 16. 280, 2 177888-
tum erit 187, 21 18888178 213, 23.
236, 10. 237, 3. 260, 23 inuenisse
778, 1. 788, 77. 778, 78 inueniri
14, 14. 21, 3. 76, 11 18888688 esse
272,22 inuentum esse 177,2.68, 17
iuuentem esse 27,3 inueniendum

163,4 188181 83, 26. 883 ionicus
8814 18818878 30, 26 ionice 123,
8. *163,2. 8 188188 37, 21. 122,13.
788, 78. 7888 ionicae 13, 78. 77,
16. 84, 2. 123, 3. *142, 16 eis ioui-
8878777101,27 1881887878 883
ionicis 13, 12. 84, 3. 13. 37, 3. 33,
6. 30, 17. 101, 8- subet. ionicorum
34, 12 ionicis 83, 13. 26. 28. 31,
26. 9788

,176,11 188881888216,18 18888- 1888*130,2
688 184, 24 inuenta 218, 28 in· ipse 01,4. 109,11. 229, 0. 209,10

8886882187 187788688218, 17 in·

ipsa 87, 22. 787, 8. 77,,78. 778, 77.

 

