” -136-

transferre 20,18 transferenda tur 141, 16. 22. 23 tribuantur 141,
so, 11 translata 113, 1. 111, 11 4. 111, 1o 11151151111115,1ο 11-
111111111113,20 11111111 157, 25 tributi sint 212,

transiliendo 331,1 13 tribuere 132,10 tribui 4146. 11

*transitionem 222,7 tributim 124, 23

(transito 1111111111 133 ,11) tricenariae 208,3

· 1111111111 273, 22 tricenos 221,8

Γ111111111ο1111’ 113, 9 tricensimo 2221

transmarinos 203, 18 transmarinis trichalca 68,4
32, 6 · triciens 27, 6
transmigrabant 19,4 triclinii 171, 14 triclinia 143, 30.
transmutari 211,13 (transmutata 144,.14.43.145,11.149,15 111·
G. 113, 6) eliniorum 140, 30.143,’3. 13. 36

*transtillum 111111111111 tricliniis 171, 5 triclinia 149, 25.

Ἶ111111188,13.*107,17.354 tren 169, 8. 12 tricliniis 148, 23 150, 2
atrorum 278, 3 1111311111 22116

11111111111111 271, 3 transuersarii=triens 1111111167, 7 1111111250, 16
270, 24 1111111111110278, 1511111- trientali 230, 3 (1111111111 ci. iiior.
111111101250, 3 11111111111111163,250,16)

“’ 20- 111611. 1111111111111270, 1. triginta 27,,6 74, 16. 17
10111111111114111, rc-trigypl hi 1’,1 11.,11 11 triglypho
trarisuersari6mm 53, 26 trtius· 12, 20 triglyphi 13, 10. 88, 29. 83,
1013111111268,3.169,’15.244,3,8 514. 18 91 3 30 93, 6. 16 trigly-

111111111111 228, 10. 231, 7 11111·1110111184’,11.89,’1.3.9.25.30,
1111111114, 18. 1’64, 16. 213, 15 3755 28. 33, 6. 19’, 93, 2. 18. 143,2 111·
transuersirm 273, 6 1111111111 glyphos 89, 13,’ 21. 99, 29’ 30, 31,
*279, 7 111111111111134,29 256 7 3 28 92, 18’ triglyphis 02, 18
1111111111 22, 28 transuersis 6911131111 1362 11111ο1101111’,27715
24. 163, 24- 11 transuerso 1421181111 trigonoe *119, 14
20, 262’, 2, 278, 10- 1111111113 trigonum 269 9. 230,19 1111111214,

. 115, 8. 238. 26 13. 222, 30. 33. 223, l. 6 trigono

1111111111 111, 11 111, 4. i higonarri, 1. 111, 11. 10

1111111111111’321,5 111161111111117,14.120,1.1’21,23

tredecim 80,12.114,19 trigonis 9,19,117,4.16’3,34

tres 246 26. 348, 26. 249, 12. 267, 18, tripertito 14'4, 12
15,.5’9.,2614’01“1,29,126114171101112071111111111310111·
42, 18. 48, ’13. 77, 14. 79, 11. 93, 4. plici 377, 36 triplicia 211,18
94,17.98,15,115’,7.137’,6.138’,11κ11111111111162,17
141, 2. 307, 6. 314, 10 2114233411511151 246, 26
11,’*14,101,4.<1’,1111141144111111111111
249,11. 69,’6 79,3. 87, 18. 91, 23. Tritoneni 35,7
96,24. 100, 4, 105’, 12 1l9, 15, 141, tritus trita 2, 20 tritiores 36, 26
8.’13.163,’1.818.215,11113811111111111111’212,9
36.94,31.111,14.119,20,126,3’»11·1111111)1101,9.4,1’,75,2 triumphos

’67, 7, '1139 1111113318. 314, '16. 313, 7 ’

71,11.’26. 77, 22111.1111.18μροχ11510151111ο1111111-1111111-
2. 143, 22. 351110, 8’4, 17. ’,111 26 111781 trochili 7’8, 4 trochilo
130, 2’. 267, 6,’ 13. 37’,1 9 tribus 78,3

170,’.2 314, ’17. 69, 6. 81, 17. 98, {introcl’ea Ι1346, 8, 247, 8. *10. 348, 22.
137’ 10, 14'9, 6. 19'3, 8. 36, 24. 83, 349, 8. 10 trocleae 246,11. 12.
24.1’0,73 1’11,20.112,1.’,13 120’ 248,’ 1. 7. (24910) 1101119111 346,
13. 140, 28. 167’, 24. 168, 5. 306, 23 9.247,11.248,2,36.343,211001314

-1116111111 107, 6. 8’,1 29. 100, 21 ’111- 246, 2’5, 248, 6. 22 tro6leae 247,
bunaria 1199 17. ’24. 248, ’24. 275, 6 trocleai

11611111111112,71116111110,9.237,14116111112432425217
32, 23 1111111111 157,5 1116111· 711111115113 711111119421

 

