- 10 -
464114614283, 9 46411461661066024664 60, 22. 63, 9. 184, 26. *186, 4.

Apolloniatibus 283,11
Apollonius 10, 16. 236, 20 Apollo·
6166423616

»apophysi 100, *1. 6

'apothecae 146, 20

3464114416 81,16

appagineculi 113, 4

χ46644411ο 124, 21 140, 2 apparatio-

nem2, 4 apparatione ⁴³64, 6 appa·
rationibus 26210211614

--appppagus2 411'112614 244, 3. 124, 16.

1121111381 141241113111441431
appareant 22212 appparebit 13,
23. 18 3 apparuisset 60 4 4664-
4464 220, 23 apparentem 16,12
apparentiae 188,10.111,2 4664-
tentia 64, 18- 62, 21. 2211, 3
(apparitio u apparatio)

apparo apparatus 184, 23

nppellatione 160, 26 appellationes

appello appellamus 161, 3 46641-
14616, 13 17,10. 83,3.48,7. 13.
68, 10. 68, 3. 69, 23 120,16 121, 8.
ΜΜΜΜΜ666ΜΜ
Μ6Μ66ΜΜ6Μ4
ΜΜΜΜΜΜΜΜΜΜ
3. 213, 23 appellauerunt 86, 13.
16.160,16. 183, 16 appellatur 9,
6666666666

’ 8. 113, 13. 21. 149, 6. 17. 181, 17.

6ΜΜΜ64Μ6664

26. 223, 20 243, 23 246, 26 243,

14. 264, 2 ,261, 17. 263, 23. 271, 3.

πψΜΜΜΜΜΜΜὴ·

21. 228, 13. 262, 7 appellatus 441
31,1.1 281,2 46 411414 441 600

Μ,66ΜΜ6,ΜΜ6,’6
6Μ6ΜΜΜ6,Μ6’6
46,Μ.6.6ΜΜ66Μ,
6.6ἫΜ46Μ66Μ
Μὼ6.66ΜιΜ,6Μ,
66ΜΜ6466666
646666466Μι
ΜΜΜΜΜΜΜΜΜι
ΜΜΜΜΜΜΜΜΜΜ
46664Μ4ΜΜΜ6
6ΜΜ6ΜΜ6666
ΜΜΜΜΜΜΜΜΜΜ

24. 211, 20. 23. 916, 23. 216, 7, 11. ³

6.66ΜΜ6Μ664
8. 241, 2. 266, 17. 261, 4. 22. 266,2.
emwmmmmmmma.
283, 23. 284, 1. 0 aquam 32, 2. 31, “
16. 20. 41, 13. 83, 4. 103, 22. 129,
6ΜΜΜΜΜΜΜ64
14 166, 8. 118, 4. 182, 22. 183, 14.
16.184,3. 186, 27. 187, 6. 8. 1619.
189,16 133,10.136,12.133,13200,
24 2021220610 206101617207,
3. 6. 208, 26 211, 6. 241, 9. 246, 20,
2146242662. 114460, 1613. 260,
0 266, 1. 13 aqua 18,13.16.28.
19,16. 21, 26. 24, 3. 31116, 22. 41,
64Μ4664Μ46644
16. 86, 6. 110, 2. 4. 120, 13. 20, 137,Ι
Μ6666ΜΜ64Μ,
6ΜΜΜΜ6ΜΜΜ6
6Μ6Μ6ΜΜ6Μ
*6. 16. 237, 4. 24. 238, 91. 939,14.
16. Ι2241, 11. 260, 7. 2837 aquae
immmwmmemmm
ΜΜΜΜΜΜΜΜΜΜ
8.123,24. 124,11. 180, 8. 200, 8.
204, 10. 207, 14. 210, 18. 231, 23.
238; 16 aquis 218, 16- 01611'060

appellare 213,p19 appellauisse 4664664446444464162201614. 241,

19318 46641141644444 28, 3
appendit 216,13

*1.10 aquarium 221, 22 aquario
227, 23. 231, 16

Appenninus 43, 24 Appennini 61, 4 aquariis 4116220618

Appenninum 43, 96
apricio 61, 9. 24. 62, 1

aquatiles 18, 8
'aquila eidas229,3

apta 11, 20. 16, 23 aptam 10210 Aquileiam *20,3
apto 1, 8 aptae 16, 4. 30, 26. 31, 4661114641 106,1
4 4614413,6.31,31. 111,4 —apte aquilo 26,14, 130, 4 aquilonem 27,

999,2216.168,16.*144,13 aptissime
ι

13. 23, 21 013. 134, 27, 147,21, 131,
18 aquilone 1262

apud 33, 28. 34, 26. 86, 16. 68, 3. 66, aquilonalem 228, 22
26. 76, 7. 87, 8. 69, 24. 107, 8. 121, Aquitania 64, 24
6.127,3,128,10.1“43,10018173,-’413 aram 96,6 arae 102, 18. 217,2

26. 201, 4. ³261, 6. 243, 28
Apulia 266

ararum 102, 26 arie 102, 16

Arabi6 136, 2.1,37 20

 

