— '138 -

uacuum 114,12

&natitatem 611

11211111 226, 4 (1211111216,26.220,1121111176,6 uastum 106, 10 uasta

13. 240, 2 uadentem 132, 8

142, 6

uagarentur 223 4 223261121126, 10 nasto 1161262111 60,16
6321110018 uagandi 108, 26 uberiores 186,11
1126111027,8.260,21 1121121116 116111,111.6,1.6,18.1161161ι

112,14.103,18 6611116111 36 12
ualde 160, 21
111111112217. 173,18 11111111 3, 21
ualeret 64, 0 1111116111 110, 6 112-
1111111111 163, 6 611110616624.
266,6 2213211008 24,-·9 235,2
1111161116 32, 23 616111111111111 17, 6

66.6.666,Μτ.61
6666Μ66666
66Μ6,666Μ6,6
166,6.66Μ6,661.
6Η.1.6666666
mm.40mwffiuw4
2ffiwwm4mw

ualidam 133,11 ualidos 102, 28. udo *168, 10

666

1μ6666

-11111111208, 16 uallibus 208 21. 200, 7.-11161111110 147, 14

uallo 111111211111111113 132,7
,1111611111 6111211111 70, 0. 71,
8. 04,16. 06, 24. 101, 6 'ualuas’
*11612 117, 20. 143, 20
1111111116 08 21 1121111112 00 3. 144 2
1111121164,16
qn 6142,16.24.180,18.210,11
1111011144,13.46,1112626210,
28. 211,3 uaporem 187,18. 180,
61,0216 uapore 16, 26. 123, 26.

-uectigal 207, 0 uectigalia 106, 7.

66161666Μ6Ή.
6666,6

66666666ΜΗ6

0713 16 nectes 246 18. 21. 262,
21 262, 17. 276, 6 1111111111 246,
16. 262, 10. 262, 24 1161112826
1161111116, 6. 117, 13. 163, 16. 160,
0. 211, 16. 247, 17. 260, 7. 261, 8.
268, 20. 272, 11. 16

126,3.177,10.183, 16102181111611116261113 28612120261111
1166111143, 6- 136, 2222, 10 1111111111111116166116-

’ uap oribus 16, 21

1111211616 203, 22 uarietatis *226, 20
1111612161111,10.113,10.*280,10
166661’6616616,
6666666661.
666666666,1
uarietatibus 8, 16. 37, 28. 43, 22.
44,15. 172, 16. 204, 13. 263, 2

uarius 174,4 uario 178, 22. 243,13
1121112060 uariae 268, 10 uaria
6666166666
136,21.172,3 3211621622 uariis

284, 7 11111111166611161.
66,11 uehemens 241, 2 uehementi
41, 20. 132, 28 133, 9'. 237, 17. 241,
8. 264, 20. 266, 13. 33, 18. 63, 6.
262, 21 1161111166 61*273,7
- 11111111161111ο16111268,11 111112-
111111116111 264, 8. *262, 24 uehe-
11121111ο121276,3 uehementioribus
26, 22 11111111116111111 211, 12 -·
uehementer 43,12. 167, 7. 106, 23.
224,13. 276, 16 uehementius 223,
3.264,17

2, 17. 7, 17. 8,1. 62, 26. 87, 27. 88,1.11111111111111111 42, 26 61111116116123,

0 138, 13. 266, 26. 260, 14.-112111
71111111 160 0 Varronis 40,13 Var-
rone 2137
11111111 1121111 270,10

24. 40, 26. 137, 24. 181, 6. 868, 13
1111111116 42, 10. 48, 7. 44, 13.
46. 22. 66, 14. 1813. 1888. 263, 26

ueho 1111111111 *261111
71101111 101, 18

666666666666666666666,

177, 13. 182, 20. 13312. 206, 4. 8.

6666

16666666616166661
666666Η616666ωο
6616666666666666666661

283, 18 (1121611216, 7 6112410)

243, 8

11080 187, 6. 216, *7. 12. 16 11630-11611112186 1131111100,7.222,22
11121116, 4. 210, 16 1133131783-113112178,12 177,6 1101123173,10

61111111 123, 8
’1121121111 101, 27

uena 68, 24 uenae 81,16. 18116.
200, 1. 6. 211, *7 111 uenarum 8,

 

