- 124 -
. spiro spirant 2222 22222222122122121212 2222 statura 31,15

*64, 28 (spirarent 51,5) 221212217118
fspissitatom 66, 23 7221212110 249,16
spissus 221222 48, 2 spisso 41, 6-212112 188, 5. 220, 6. 221, 6. 224, 11.
spissa 100, 4 22222 22, 21. 21, 222, 2. s. 20. 222, 2. 221, 22 an.
24.186,4 -- spissioribus *191,13 220, 22 stellas 220, 18. 222, 13.
spisso 2212121, 12 222, 22. *222, 13. 2222112222
1222222222 122, 12) stellarum 0, 10. 212, 2. 222, 21.
„splen splenem 19,12 231,11. 14. 245,2 stellas 185, 28.
sapientior 222,11 splendoris 222, 22 212, u. 22221. 2222 stellis 210,
splendorem 144,16. 168, 21, 24. 11.228,3.222, 12
122,2.222,2,12.222,2.12 splen· 22222222 222, 1212. 222, 22 ster-
(122112222215 splendores 168, cotibus 178,11
9. 178,17 *stereobates *76, 16
—spoliorum 6,2 spoliis 122,6 sternatur 126,16.164,16 sternan-
„spongia 42, 29 spongiae 43,1 tur 124, 9 stratis 1,8. 160,2 -
a-(spumam 26119) ab strato nd summurn *272112
222122 22212211 *264, 19 *stigmata 62,1 ·
(222112122112 22222112222112 171, 21)·2111122 2222166, 16. 186, 8. 187, 6
stabilis 62, 25 stabili 132,8 - 212- 2111122 68, 10 stillis 66,10
11112222 186, 8 ›- 2121111122182,-21111121211222 100,18 stillicidiorum
20.263,18 r,0.110,11.172,2 stillicidia 22,
stabilitatem 24, 22. 122, 2. 22 · 20. 22, 2. 22, 10. 11010. 22
stabulor stabulantur 147, 28 211112 stillat 189, 20 stillantes 199,16
-stabulnm stabula 146,19 stillando 66,8
stadiataa 128,2 . *stipites 86,11 2112111122 129,18.
Ἶ1261222126,19.122,8 italiorum 2500
127,6 stadium uenam studiis 2122121228,11 starent 107,8 212-
128, 12 terimus 82, 18 stare 6822. 126,17
-stagueis 260,7 stando 20,8 21221221 16922 atau-
-staminis 222, 12 tes10,1.112,12.11.120,14.212,
-statera 2002 staturas 26216 7.218,23.52,18.58,4
2226111 22, 12. 22, 2. 22, 12. 122, immunera (sueonia) 12, 22
122, 2. 122, s. 12221. 12221222222122 aas 22222 212
22. 222, 2. 2222 *siolaus 2,2
22262222, 22 22222221221226122112212222 (122, 21) strumentis 22,
. 22622222,22.22.22,2 stationes 22. 22, 22
112212 2222222622, 20 2122122222 1222
χ2112112218,24 ..stratum ab strato ⁸214, 12
Statoniensi *46, 16 (Statonensi libri ..212122 qen. 8221. 94,2 nom. 82, 20.
ut 122. 22122) sna 2222222 222122. 22, s. 12.
Statoris 2222 12. ed. 12 sinantias striis 93, 22
&statua 261, 2 statuae 81, 26 sis-Xstriaturae 94, 7. *95, 18. 94,2
tuam 60, 3. 4 2121222 174, 11 212221212122212 40,6
. 22222,2.2,2.22,’1.21,22 -22222221222212
*samarii 66,21 2121222112 68,10. strio 2121122198,22 striata 9611612
161,11 striati 178,4 (striatarum 95,18)
*statumen statumine 12219 2212221112 26418
’Ἲ12122112211222 16419 2121212122- structiles 124, 6 - 206, 24
tionibus 222, 22 wissowatii, 12122, 1222222222).
statuminetur 102,11 222, 22 22222212222212222.
statuo statuit 111,7 statuerit 4,10 1468, 112162, 26 2122212222240, 20.
212121122267, 16 2121222122178,3 111, 1429. 46224. 68, 18. 170,13
statuebantur 274, 16 statuenda structura 21, 6. 88, 21. 41,6. 47,20.
est 122, 22 statuentes 221 sta· 22, 12. 22, 10. 22, 12. 2212. 222,
tuto 213, 6 91212112 78, 15. 244, 2 16. 116,14. 121,23. 129,22,130,20.

 

