..71-

214,,,72816 labores 193 21 labo· 44, 16. 46, 24. 46, 4, 8, 249, 27, 261,
11111112, 26. 64, 1.’6. 19
laboro laborant 17 6 1110111164,26Ᾰ1011 209, 11 lapidis 41, 24. 42, 80.
laborare 18,19 laborantes 2012 261, 11’. 269, 6,,281 7’ lapidem
’1,1911111111240 17 labro 136, 26. 240, 261, 11 1911101 36, 10. 47, 21 109,
22 1911193206, 7. 216 *o 9. 261, 16 22. 116, 16.*111,11.201,2’.201, 16
labris 193, 7. 206, 17 1161111113, 19. *96, 23. 190, 26 acc.
’2 116111112611 111111 12619 labro 168, 4. 283, 1 lapidum 273 2 lapi-
266,16 1961019111 126,16 0111118 46, 46. 47, 6. 69, 26
1101111 11203, 26 1101192, 9.*182 ,24-1101111111 281, 14
Lacedaemon& 49,11 largiter 137, ’1
lacertarum 199, 44 Larignum 69, 20. 60 9
Laconas 4, 22 larignus larigna 60 9
1110110111’126, 20. 180, 6 aec. 127,*11111 691
22. 180,8. 11 11101111127,23 ’,1111119111
3101111111’82,12 1101111111111203,26 1110011111226,21 1111111161,2.226,
lacrimas ’177,7 1287 12 1111111111 41, 26 11111111
*19011119 lacunas 164, 5. (236, 14) 19· 43,12’191111119*111,’13 231, 24
cunis 186, ..19 23 1111111163,4.166,’19.191,16
μ110111111236, 17 11011111169, 1. 112, latentibus 29, 28
9. 96, 23. 113, 18 11011111011111190, later 23, 6 11111111 63 9 11101123,
28,9’2,17.141’,8 1101191111*1086 8*11,2441,1.18.1’11,1 1111111
143, 24, 149, 2’4. 166,2 39, 12. 15 laterum 38, 26 191911-
1901111011206, 22 buis 37, 32, 39, 8 9,4’9,12-11.
’11011196161119691994 lacum 111011111111111111111111
20, 20. 46, 16. 190,19. 196,10 19011091119119 817041. 278,10 1918191119
20,21. 161124. 190,20 1961181968. 276, 19
10.196,3,207,9-1011.180,611.307,’16’19101011111 125, 28,<170,16.>
laedit 194, 28 1111111123, 16 111· 1111101162101111110162161111
111111119723,68,2311111111111111 111101111162, 7. 63, 11 latericios
60,7 laea ,1111111 18, 27 laesa 58,2 latericias 49,7 latericia
fuerint 1111 laedere 22,14. 112, 11, 22 latericiis 1110111 -
11 laedi 53,8 xsnbsl. 1111111110 164,11
laeuus 111111 228, 22. 229, 6 laeuum 1111101201 1111111216711111111121,
31, 18 1911110228 13 229823114 23 1911691110 19 1911119160 21
191119 3126. 228, 17. 231, 7 19000419111 11100 66, 8. 77, 18. 81, 2. 87, 10.
228,12 81, 22. 28. *92, 7. 94 1’4, 16. ’224
(1181111111111111111 11’.*111.11.1’1,11.11,111011.
1111611111081,11.01,21.*171711111-101,11.108,6.1’09,6.113,1. 126,

benten *1111 11. 11. 11111. 111’, 1.*1.*10. 11. ,

r-lamella 168, 26 lamellas 181,16 11211411. 147,16, 266,10.18,
»lamminae 248, 9 lamminis 110, 13. 267, 13. (14.) 15. 14. 1921. 23. 268,
269,2 (1911191999 266 ,6) 19111119 3. 4. 9. 270, 1. 11. 13. 18. 21. 22.
179,11.18.*208,1.112,16.*208,1112.6.10,12.16.19.20.271,20.
9.266,3111111111111’111*208,’61111111111 281,6 latitudinis 12,11.68,16.
*1111 lamus *21111 216, 1. 11, 11. 14. 11, 11. 101, s. 101, 1.
111111 <110,1.>111,1.1.11. 1111111.
*lanae 111, 10 141, 4. 261, 21. 111, 1. 210, 1. 6.
lanatis 2612 1111 1111111111 01, 10. 1112. 1.
’11110111 (lingula G.) *263, 19 117,18 latitudinem 12, 11. 22, 21.
-aniflcis 110, 11 13,21.1s,12.1a,1s.2a,1.2a‚22.122,
Laodicensium 111, 10 11. 111, 11111, 12. 261, 1. 110, 16.
la ipd,eal2612.16 lapideum11,3 111· 273, 26 11611311160, 1 79,1, ⁴¹80,
1116119117 1901011162, 23. 88, 18 2. 91, ⁸6. *7. 92,16. 94, 19.’98, 11.
109,2. 122, 5. 71,16. 88, 7, 104, 28 104, 6. 106,26. 110, 2.’.3 120, 16.
91111111111111111111 lapidicinis 111, 1. 110, ’.2 141 2’1 11110110,

 

